215
7693 3217 94
7437 7808 110
2992 8864 96
15454 333 143
10817 13129 143
1982 13273 94
3469 9331 167
12782 5021 121
7159 1464 148
15496 1694 96
6123 14302 143
11558 5804 141
12439 4877 96
2728 5798 96
10079 14926 96
13740 5497 167
12740 10646 6
12374 9303 52
10926 11569 148
7130 15063 96
5221 2933 52
3088 681 129
13881 1992 153
2895 9192 34
7203 5199 143
12269 14174 96
5194 11503 101
13072 3960 96
6905 518 96
3433 4747 143
13225 15270 52
2721 3522 153
1897 11306 96
7355 5010 51
3123 11553 94
5418 5802 148
9758 8314 143
10093 906 148
13832 10803 167
11926 7924 24
11017 9663 167
3821 8208 110
14962 2673 94
1407 3217 143
10282 3559 143
6577 13436 101
10747 8364 143
366 13815 143
13012 14793 123
5624 2846 123
14925 782 153
8339 14254 143
1851 3136 52
7524 4086 85
14454 11569 123
11574 14898 76
13190 8856 85
14934 6096 123
12565 14717 24
366 15769 180
12736 15455 153
11704 14016 167
8945 2902 167
6756 1450 52
4644 5111 24
4472 520 167
6430 1905 96
9617 10568 51
15026 1564 96
7304 9004 76
3559 10282 76
13586 4115 96
13023 623 108
14113 5763 123
13093 194 96
2815 5931 143
10423 2312 167
9216 12019 52
14793 15744 38
3014 14201 143
4434 10729 110
15623 10024 94
9216 6035 52
6852 4533 167
8040 2967 24
7629 2049 136
603 7660 143
6006 7808 63
14329 11666 153
3665 5628 143
10808 4114 167
11930 9066 101
1833 3293 96
9025 5028 143
1701 12270 148
13523 4144 96
11269 9468 52
1868 13547 96
7082 4224 101
2442 10531 123
8882 8380 153
6303 202 76
5000 3304 167
5499 884 153
10238 12106 101
7243 11052 121
3502 10922 96
1934 5585 123
14714 7250 143
15574 14717 167
1391 14083 76
7325 6365 153
9519 15455 153
1805 3489 6
5826 12060 96
11584 8296 123
15463 3706 96
13574 13491 123
6882 15229 123
1957 2342 143
2955 2675 153
7800 14146 148
10064 12574 143
13793 13983 24
7285 7185 96
5590 7839 96
15462 6800 143
8688 3709 108
12871 9041 148
5108 10804 167
14266 50 38
3576 10447 167
15250 7839 96
11795 186 96
149 10566 148
7576 7150 153
4645 7103 76
14853 12581 123
5008 1863 76
5174 1122 101
394 5181 143
1440 7347 167
3804 11781 83
6942 73 123
3570 6867 123
10370 12698 96
4533 6852 96
4314 8356 96
1122 5174 101
8136 1620 143
7493 7923 167
13663 3007 167
7384 7696 148
1220 1507 143
12270 15176 48
13515 14116 96
10464 1 96
4815 7282 167
3032 4559 96
12620 6264 143
6352 5672 143
14557 4611 167
12439 2457 153
2031 11517 143
3711 8807 167
558 15766 167
174 6843 148
1801 704 123
13597 2934 96
13553 14136 153
12378 12026 101
15446 11414 97
2614 12404 96
9249 7106 76
9958 13116 123
11099 14567 153
11097 8270 148
7175 14602 85
5447 10697 52
12526 9790 143
10024 13395 76
12286 1992 153
10562 3574 110
10679 10708 148
8543 1416 123
11517 3594 101
3709 8688 6
15705 1843 167
9720 8621 123
14390 5332 167
14302 6123 143
4563 247 52
14926 10079 167
5482 7757 136
7429 3598 52
15545 10622 101
1030 3051 148
11810 1750 52
3057 14896 148
6682 3468 101
9484 4038 148
12802 2490 143
10856 10274 96
12472 9411 167
8746 8465 101
13327 9747 143
6242 561 167
14858 15490 167
1293 10719 167
5493 14455 24
4980 15769 76
3216 14830 167
6528 66 63
12347 13974 123
10853 10918 96
