156
6601 2690 32
3295 1811 112
8526 9049 181
5317 5840 32
15245 8961 32
15590 9566 32
5170 6219 138
8526 6645 181
9179 8712 40
12526 10478 98
10697 15331 138
9492 13194 112
10853 3790 32
3879 5633 32
6164 1277 32
9959 10108 98
13851 5641 30
3111 7361 127
14539 10442 138
6552 4746 98
6868 6858 32
9633 628 98
11196 8343 112
11748 3751 112
66 7156 32
5668 243 98
10968 7474 98
2675 4417 32
9286 7926 112
4239 6331 138
12944 15496 32
9512 6876 135
11864 15241 138
3618 12864 32
6924 15020 112
13238 7387 32
15590 4048 32
2675 6868 32
8379 7771 138
15315 8853 32
13221 4661 112
9659 4468 112
8526 13577 181
14006 10903 32
2473 6020 138
10670 11608 32
3610 2218 32
66 7110 32
284 4149 44
14809 9994 112
8588 13897 32
6873 13182 112
4584 13679 112
5317 2216 112
2591 10201 112
13304 13739 98
1658 11926 32
13981 12580 98
8258 9286 32
14180 12314 32
6294 4501 138
7170 12304 112
13613 6889 32
15493 8113 32
8748 7715 32
8526 3472 181
1136 15784 138
7170 15677 112
5317 8989 32
14085 2883 112
2902 13145 32
2940 2470 32
5010 8405 32
8526 8569 181
602 12515 32
7934 8458 112
14938 10334 112
8812 14871 44
1234 12497 112
9195 13043 44
11112 6627 72
9282 10843 32
9521 11342 98
13224 9684 32
14662 14245 112
4638 13507 98
3879 12847 28
6868 11795 32
3032 99 32
12321 6943 32
4486 6687 112
12019 3329 32
8526 1479 181
7170 1215 112
12797 12352 44
1470 4841 98
4386 11976 32
14809 13019 112
3032 14319 32
4584 3583 112
1729 778 112
6710 2038 72
333 3739 138
6868 5004 32
2902 13448 32
10712 10687 112
12164 11794 112
5095 4017 112
9663 665 32
4262 1731 32
2339 9863 112
4386 4000 32
6430 1905 32
13251 3297 32
12019 8243 32
5893 11231 98
13111 6911 112
135 9522 138
11672 14823 112
7826 1637 135
6709 5388 112
4066 7943 32
2902 3635 32
8534 2423 138
8333 11985 138
1023 14270 32
12352 9934 44
8093 137 32
3821 9945 32
4185 1928 32
8138 1791 32
15487 2433 112
2591 3142 112
13293 13773 112
8685 2196 138
14717 1355 32
3387 13684 44
4085 2499 138
1077 7330 98
1494 6191 32
11672 8989 112
895 5616 44
2593 11865 112
6035 12374 32
333 14999 138
2675 10578 28
12352 13510 44
13851 1164 98
7457 11669 154
4972 264 44
12797 423 44
14595 6916 138
3428 5233 98
5492 5568 32
8526 749 181
12833 6365 32
