4138
12009 9062 102
11803 2675 7
3685 302 109
10221 793 116
3935 9512 29
10902 5709 43
11665 3891 164
8541 14517 149
14979 11112 18
13642 2675 95
1154 12671 114
5105 7140 82
10428 1509 56
11802 2675 7
12506 2675 116
15152 13469 53
9140 14211 149
3301 2675 116
14132 6710 18
12705 11112 18
8641 11112 18
4394 5709 43
5438 5709 60
2208 5709 43
13509 11112 18
9541 66 82
1837 12617 15
4096 2675 116
11647 1421 82
8946 10951 117
6465 4945 149
323 2675 95
3737 11252 117
2923 5709 43
10348 6779 117
791 5709 60
6498 5709 60
3417 8945 82
3244 2675 95
711 15683 102
4319 2675 7
6346 7429 142
13046 11112 18
4793 35 109
4376 8208 95
1494 14475 47
12212 5010 95
7146 3891 164
14046 11966 7
3122 4629 109
5807 10079 82
4938 191 35
8397 10344 164
10719 2292 145
707 11113 60
12042 5010 95
1418 7894 160
7206 5709 60
3029 11112 18
5136 5709 43
14187 2675 95
10963 5932 109
8262 2675 95
8217 8267 140
4133 8093 116
4566 3336 56
14044 2675 95
14951 6242 102
6753 13083 82
10029 832 161
14119 10041 53
12822 6125 117
14163 3891 164
4260 10813 74
15279 11112 18
14820 2675 7
13110 5709 43
12543 182 54
14517 8093 7
11477 13835 159
3041 5709 60
9375 12772 179
13936 11112 18
5097 5709 60
13164 10729 7
12171 4945 15
12413 11956 166
6379 9338 60
2727 6242 82
3525 11883 7
1977 2675 116
7870 2675 95
13867 12352 103
15475 9653 103
15728 7330 161
7581 3879 116
15618 6857 15
11176 1561 149
7378 9453 109
6487 301 7
7594 5709 60
7459 2675 116
10998 1421 149
5807 6710 18
12237 4941 149
10430 8093 116
2041 5709 43
8577 12836 169
4244 7109 117
12813 5709 60
13806 15237 140
1649 7967 54
3798 9222 146
12172 11252 117
2399 13477 146
15693 13155 70
3792 10758 71
640 4945 149
12561 6710 18
8682 344 142
2727 9823 161
15296 5775 145
3023 9411 116
5567 5709 43
11950 5709 43
5840 4867 18
13209 285 82
8496 13531 65
12140 14517 82
7510 8260 70
267 5952 70
13583 10758 71
11864 2160 117
6831 2675 116
289 3500 36
7172 2885 15
3399 5709 43
3786 5709 60
12279 5058 165
11474 5709 60
14912 6242 159
5816 13686 7
4752 35 158
9089 9089 7
5272 6710 18
1711 7704 82
2173 12352 103
3069 10074 169
7443 530 177
3767 9800 35
15138 8945 54
12954 9920 117
2622 6710 18
3864 2675 116
14746 15515 158
8153 4691 22
3746 580 146
441 3894 109
8675 2675 95
557 12352 142
4711 12193 158
3554 13469 56
12106 11112 18
15155 2675 95
7848 11112 18
15285 725 29
5829 12671 114
12027 14475 47
10395 9867 5
3139 13983 159
9057 13540 3
7658 11269 103
9521 2675 95
401 7501 144
9216 854 99
4370 7012 56
5901 2675 95
9979 11423 43
2657 13750 161
1226 5709 43
939 5709 43
7829 2675 116
13873 11810 27
10405 3502 82
15812 4495 82
6559 12671 114
7727 10728 109
4643 11112 18
9289 11112 18
9879 14246 149
723 1924 7
8425 720 149
9070 14522 158
3845 7659 95
12650 8093 7
14626 11101 71
6012 14486 162
7426 3512 103
510 4563 103
10306 15463 7
7592 11112 18
11916 1778 117
10985 12352 103
15797 2675 116
8900 12740 53
271 6710 18
4620 3891 164
1340 2675 95
11846 10523 54
3127 3891 164
854 5757 7
10004 11803 103
7948 12352 103
7063 2675 116
13376 10970 70
12159 5515 18
12443 9092 117
12445 11112 18
6891 2675 7
5004 6868 54
13983 13083 145
6542 10752 149
9439 6710 18
1534 1018 117
2255 4317 109
3771 2675 7
5158 11112 18
4076 3048 43
9383 13171 3
13133 5709 43
7914 8243 54
1811 115 53
2473 13198 95
6737 13291 54
12945 5709 171
8856 13198 95
2165 6710 18
12512 3933 161
4455 5709 171
14771 10014 78
7312 2675 116
4087 5709 60
427 12179 70
373 5709 118
12422 2675 116
1013 1829 103
10491 4042 149
11981 3891 164
12339 14275 113
5415 206 149
8278 12744 109
5693 11112 18
12381 5779 29
9984 8267 149
9846 11966 116
8924 4495 82
5859 2675 95
1583 2675 7
3298 5709 43
14495 11704 149
1836 332 161
5155 13171 3
7977 5709 43
6599 4969 70
4495 9882 4
6720 8945 149
5442 14364 70
8032 14517 149
12097 15523 109
4666 5709 60
1840 6710 18
12384 11112 18
5485 14823 7
2863 12899 71
7104 4945 82
4408 12148 149
4246 2449 7
3484 7429 103
2432 292 158
5968 2675 116
11357 1577 15
5323 4945 149
6006 11715 176
7312 6863 103
15663 2675 95
8572 2675 116
9475 9332 109
264 2675 7
5852 6710 18
7351 7429 142
2478 14677 60
1304 7341 21
12293 5010 116
1110 11113 43
1132 2675 95
15008 5709 43
5112 7342 117
8292 9634 18
8799 3879 7
10013 10226 149
7237 6710 18
6747 854 60
14851 11395 160
10682 2724 161
10190 2675 116
13823 5709 43
6140 4741 70
4457 1768 54
5893 9718 27
621 6710 18
11391 11973 54
1044 8297 35
6231 5709 118
15705 14677 99
4093 5709 43
13263 10951 117
15255 7140 84
9890 1484 14
2173 6615 70
12675 2675 116
8607 13065 7
9026 458 36
13050 2675 7
14280 6710 18
9640 15772 3
2597 6710 18
3626 10882 31
2638 15089 60
14757 10175 117
3318 8093 116
11053 14938 53
13026 15486 158
12811 9106 36
2709 6710 18
11487 11112 18
6543 9534 117
12122 9634 18
1043 5709 60
12211 9932 179
8512 5709 43
9275 3879 7
13140 11113 60
10236 11983 109
1313 8086 18
3036 1829 103
8502 4489 103
8917 8917 7
2934 14475 47
5697 4370 166
1145 11423 43
15693 15590 82
2827 3457 54
24 9381 27
12580 9988 75
13587 11112 18
789 13171 3
11335 2675 95
5167 10806 117
5187 4945 15
786 4370 103
1623 5709 60
2984 2675 116
4203 10354 31
5818 5709 60
8507 8351 70
3840 5010 7
7225 12321 82
1412 5709 60
3290 8208 95
6551 2675 116
2836 13582 70
2253 2675 170
1198 6615 158
1679 10368 23
14025 10729 95
12286 2675 7
5311 2675 116
11831 9735 74
10594 4945 149
4301 10704 15
3090 1422 109
9632 11843 3
12357 7828 26
48 10922 149
8492 2675 7
11570 11269 142
2766 2675 95
6974 2675 82
10679 6132 161
7634 10341 117
104 11112 18
5877 9007 109
11617 14503 161
698 2675 7
1989 14838 117
3865 5709 43
9317 6710 18
5463 5709 60
12400 10898 175
14778 11112 18
2331 5709 60
4444 14677 43
11256 11320 117
14184 2675 116
8881 13507 161
549 9229 142
8884 2346 87
8232 4945 149
12199 2548 158
8980 5709 60
1432 2691 117
5319 2675 116
8538 7250 74
1172 4873 74
8375 3832 46
175 7630 91
3323 12671 114
10970 10427 149
6377 11112 18
4753 11112 18
7632 12418 35
3680 5010 95
14322 1829 142
13304 12010 117
15034 5709 43
13028 6242 102
4077 2675 95
15144 14460 103
1770 5709 43
548 11112 18
11552 11112 18
3871 5709 43
7540 7539 158
1002 10103 15
10326 7429 142
11261 11563 159
4623 5709 119
5655 4295 5
676 5709 60
9209 2607 82
5115 11112 18
14403 1652 102
6733 9547 78
2666 5709 43
10399 2675 116
7091 12027 117
8236 5010 95
882 2675 95
9333 13198 116
7623 2675 7
8283 4282 161
10166 5709 60
11313 15648 109
8295 11031 142
14620 13183 27
6240 6032 82
1106 6242 159
644 2675 7
9468 2675 95
11060 12937 15
4563 6242 15
13103 13198 7
15048 8110 109
152 5709 119
15723 6242 82
6424 6959 149
10589 5709 60
6433 14738 0
3913 13776 54
9760 97 161
10312 5010 7
12634 11112 18
7145 8418 149
1430 12019 7
14270 4557 47
12559 11112 18
9921 5709 43
5442 6710 18
9459 9381 27
11447 2675 95
10579 1923 82
14320 9867 5
13784 7137 161
5988 13083 145
13741 3879 7
5605 7139 74
3224 12632 126
730 4704 35
10723 12129 54
15712 10853 7
12663 1512 160
3691 2138 161
838 66 116
4495 7355 54
5345 11871 46
3217 12617 102
11152 610 164
1511 11232 26
15673 6710 18
8085 13198 7
1963 207 35
7066 5709 60
3199 5492 82
366 4945 102
14138 10758 71
10525 301 95
11484 9718 27
10458 6433 103
4537 11076 15
7211 10464 7
12683 7109 117
3905 2675 170
175 5709 60
8466 9458 15
4287 11112 18
9090 6433 103
8926 9627 159
1696 3659 149
5871 8405 54
3175 2675 116
358 9988 75
8624 3832 36
9059 10804 54
10409 5010 7
14742 3146 18
257 5010 116
9026 6710 18
7388 9411 7
1463 1421 15
8606 10758 71
366 14677 60
13186 14677 60
15176 5709 60
9159 5709 60
5215 720 102
4093 6710 18
11958 5709 43
10428 1126 18
6403 8399 56
7327 15244 29
7228 2675 116
14676 4945 149
15356 13972 43
14625 12352 142
2562 4945 15
4267 3821 95
2791 9411 116
4464 15402 142
13565 423 109
8920 9785 149
5759 12770 78
1279 6710 18
7657 14677 99
12773 2353 88
11467 4370 103
1203 722 70
10822 2675 149
13707 3821 95
9545 5709 43
5453 4945 15
5011 3336 142
3298 9411 82
1531 6945 109
8852 5709 60
3844 5010 116
4307 9411 144
10832 13447 18
12449 11112 18
14619 10127 158
13725 7682 20
14191 6156 161
5306 6504 109
4670 6710 18
8251 2675 116
12078 13447 18
14315 13447 18
1247 12300 18
15290 2675 95
3804 11883 7
8512 4061 177
8250 8089 109
176 4867 18
4497 6710 18
9022 3989 109
140 7418 43
13806 9634 18
5494 5709 43
8353 13613 54
13467 13531 65
2147 1023 7
10607 3336 142
10202 423 142
2528 3336 142
428 11803 103
15602 2000 158
5149 2675 95
8087 720 54
6813 12899 71
12966 6344 161
14858 8093 7
3372 6710 18
9437 3631 117
3845 7659 126
15789 11966 82
15127 3821 95
12637 11112 18
1586 5010 116
12055 11112 18
6261 5709 43
4012 7369 158
6815 14517 149
3756 11112 18
9714 5103 161
1640 1244 18
12005 2675 95
15499 676 158
13377 4718 35
4103 2675 7
14739 15758 70
32 9381 27
4061 2675 95
9537 5791 54
15789 9229 142
6406 5898 173
12509 9663 82
8647 2675 95
9209 12352 142
12718 12883 161
6193 13202 82
1203 2675 116
9387 8093 116
8139 5463 70
10996 8945 82
8069 6710 18
3832 11053 132
15696 5709 43
2293 12352 103
6982 12920 149
5594 3804 60
13787 2322 70
15155 4945 149
9562 12671 114
80 11423 43
5224 2675 95
12184 12797 56
5109 3891 164
3195 10898 175
3220 2675 7
5500 3055 18
9049 2675 95
9281 5010 116
9679 13540 3
10525 2675 95
6275 1829 142
7958 3891 164
15417 11269 103
11501 1215 54
13802 9718 27
1502 6325 36
12684 2675 116
1605 5709 43
7202 3336 103
8327 13171 3
11429 2369 103
6694 3821 116
6594 11915 70
6239 2675 116
6932 6710 18
14599 4945 15
4910 11112 18
14263 75 15
3766 3190 46
9145 13140 70
12486 5709 118
5560 9920 117
486 14437 109
1635 13171 3
3419 6242 82
4860 8552 161
12448 5709 60
2005 2675 7
8308 13757 109
3752 4598 161
14323 1798 7
14919 2675 95
13763 2675 54
10744 10080 161
4623 1162 27
3683 11556 18
10891 1149 104
15666 5709 43
13887 6710 18
8548 7508 158
4643 11966 102
5521 4867 18
5037 12352 103
15369 5511 117
6498 5420 117
2094 9380 109
4100 3336 142
8121 5709 43
3681 2361 177
15264 1228 82
15543 4370 142
14377 2675 95
10499 8537 18
3731 6710 18
3537 11112 18
14048 6710 18
8235 4085 70
1750 13920 149
12588 9381 27
12133 5709 43
10720 5010 95
13608 12802 70
3140 2675 116
12471 15402 142
9004 10559 10
8011 2675 7
15150 11112 18
12112 2675 116
10098 5709 43
14874 4185 82
14801 11112 18
9671 14097 46
2963 10334 125
7343 11112 18
14202 2675 116
11206 5514 70
4970 3784 88
14238 13180 113
730 5709 43
12293 12184 146
7605 2675 95
5564 3832 46
2477 2675 116
10708 8152 158
13501 5010 95
3403 5709 60
6739 5790 149
13051 10481 161
10722 5010 7
9836 12899 71
13307 1908 56
14779 2675 7
5457 8791 88
15435 3055 18
10517 5493 140
14048 1421 82
4136 6186 82
2532 5010 95
14484 2384 99
5059 2675 116
5056 3374 158
4041 11560 74
13557 14423 149
9597 4945 149
10260 11031 103
4361 3512 103
12624 11112 18
71 7591 54
11512 14717 7
14910 3030 78
2615 12352 103
2032 4799 33
15779 8351 158
12486 12486 7
8397 3832 46
2820 2675 116
8513 2675 116
566 11112 18
6910 6710 18
8439 9634 18
11592 2675 7
9385 2675 7
13085 11112 18
13861 3336 103
3741 2675 7
12784 5010 116
9911 10885 142
133 5709 60
11577 854 119
7948 6242 82
10551 11112 18
4767 5092 7
9237 7139 74
3678 6710 18
6436 15562 5
13937 9381 27
191 66 95
8272 11112 18
2533 4370 103
2422 9534 117
3173 2675 95
13503 5709 60
11928 15215 70
8543 4945 82
15814 11563 159
12778 5709 43
9039 12831 166
3826 11112 18
4650 5010 116
7226 13171 3
4100 13603 169
13186 8208 95
12897 1403 117
7865 15772 3
2181 5103 161
14371 1530 74
4174 4925 161
3638 3832 36
7340 3309 70
13964 5709 171
9255 6242 15
15278 5709 43
3542 11966 116
13209 15155 70
1575 3832 36
777 14503 161
1345 4633 158
2461 7894 160
8055 3197 103
7509 13171 3
7299 2890 64
8477 2675 95
2308 949 117
5811 13593 161
15449 13450 70
4075 2675 116
4404 6710 18
12902 3894 109
10119 2430 152
5984 3722 109
6127 2675 116
15744 5709 119
1626 11983 158
2885 9814 54
8126 2675 7
8720 11841 54
11375 720 149
3356 6132 161
5906 1512 160
10390 2675 95
13423 4244 158
6519 8464 109
5673 5010 116
15643 3658 75
2158 10922 159
7790 3879 7
20 5709 60
11086 5709 43
6962 12352 142
3063 2675 95
3202 1379 103
11454 3832 36
1435 6242 159
8633 6710 18
4386 10449 65
9166 2675 7
10565 2675 116
12652 11112 18
1176 5744 109
6203 2675 7
11515 4508 36
9878 9634 18
9494 7972 159
11389 11357 142
7507 11259 117
11076 10415 99
8404 11981 161
13377 2675 116
4750 8339 109
11960 11031 103
11412 2675 116
1730 9381 27
11122 2675 7
5706 6710 18
9449 6242 54
6518 13198 116
13277 11031 103
12988 11113 60
12601 1339 53
11185 5709 60
13786 2675 7
7782 5709 43
4426 13938 5
7292 13251 95
6346 6710 18
2293 10080 161
4786 12693 54
15151 7583 113
6764 2675 7
6193 1484 14
10523 2675 7
2454 6242 159
1480 5779 29
13515 4019 125
7532 13605 54
6908 5571 5
8672 6242 82
13895 1719 117
4159 10354 82
7300 2675 7
11691 4178 166
8229 5010 116
5139 1484 14
8890 5709 99
1651 3891 164
7035 7603 117
1929 12321 54
13935 14460 103
13377 9681 70
15507 66 7
14386 11613 117
7829 11269 103
12975 7924 149
15586 446 70
12573 15007 69
14777 4495 82
4521 5010 7
7735 3879 82
13726 11112 18
11179 2675 116
15064 11112 18
15259 9142 54
10645 2675 116
11424 6710 18
7280 5531 78
1030 5709 43
2410 3821 116
8313 66 116
6962 10080 161
493 7840 70
12358 5010 7
6031 6710 18
2187 8093 7
424 2675 116
7564 6710 18
2416 11112 18
9343 4945 149
14719 9301 109
9382 15306 54
12582 464 70
1273 6710 18
5602 15039 158
12158 6526 149
536 1211 103
14730 1733 99
2294 3776 15
5617 5010 95
8360 10999 158
9492 2017 140
7048 15661 70
14776 11112 18
13036 13430 158
15801 5709 60
10849 11112 18
8916 13621 159
8920 5010 95
8792 11826 27
327 12377 5
449 6710 18
6527 11112 18
13951 6242 159
7329 11112 18
15163 88 99
9799 5678 161
3381 5709 60
2559 8093 116
7668 1448 159
5837 6695 117
15050 6710 18
12508 11031 103
1051 6710 18
1167 14475 47
9578 1421 84
13966 13173 159
291 7659 7
14291 1004 33
14569 6500 149
568 14537 142
2186 3891 164
4071 11112 18
2545 5709 43
3962 3891 164
14679 2675 95
3127 11112 18
3272 3353 54
1045 2675 116
12276 2675 7
6382 1228 7
94 6181 109
13314 1100 158
4750 5709 43
13623 7097 117
10029 188 109
4534 5709 60
15643 2675 95
682 13983 54
3313 2675 95
7094 5709 43
2791 13077 109
3868 2675 95
784 1924 95
2331 9614 27
4820 2675 7
8130 11803 103
6123 7140 84
10961 11120 158
5815 2675 7
8338 5010 7
6977 2675 116
10729 11113 99
9189 12472 54
13974 5010 116
9616 943 70
5804 3879 116
8234 2675 95
19 5582 35
10716 5493 149
12093 11848 78
12194 6242 159
8552 9794 5
14730 11715 176
3834 2675 95
11605 3891 164
295 2675 116
11546 11602 158
2625 4676 82
2911 11112 18
2265 11198 70
10464 14842 125
6463 2675 116
13281 9321 117
11166 5010 7
9909 1715 36
8653 12899 71
11544 4945 159
1865 1768 149
6249 5709 60
14290 15037 70
6679 12352 103
2575 11112 18
8029 9338 60
2340 573 95
7271 5709 60
4424 6242 102
8499 3891 164
3948 2675 95
9417 1512 160
7298 1512 160
6126 7924 149
11118 6186 15
8735 9338 60
4391 14954 149
5356 4899 27
6889 13613 54
8643 2675 95
13834 2675 116
8423 11112 18
1096 13778 109
6091 5010 95
12607 14954 82
14300 6710 18
3730 2675 116
679 13198 7
12024 8442 60
9481 11031 142
15318 3891 164
8285 10884 109
3056 6739 70
10727 2675 7
12068 13198 116
7868 3821 7
6987 3891 164
14816 6710 18
10134 11031 109
11101 2675 7
15255 12686 27
14455 8026 54
9298 13938 5
13693 6488 117
2466 3831 47
6427 2675 95
13672 6710 18
7809 7137 161
5392 9411 7
6652 9614 27
3191 15765 27
4468 11112 18
5016 13778 158
6165 6242 159
2811 1023 132
6389 3821 95
12152 12150 177
1027 2675 170
1871 5010 7
14471 6863 103
13375 7834 117
3565 7626 18
2925 12352 142
1373 1373 7
13725 14717 95
3610 9101 47
12187 6710 18
5118 5010 7
11554 5709 60
11201 13639 27
2266 2675 95
9652 5709 43
14430 6710 18
11072 8093 116
727 3891 164
1060 11112 18
10479 5709 43
9736 2384 60
5451 2675 116
2004 8444 132
10370 2292 145
4718 3891 164
3864 3136 177
2266 11112 18
12345 15194 70
6721 8001 70
12033 7659 95
9522 135 70
9398 9499 70
8156 2675 116
4223 3879 95
10226 9460 54
12966 5390 161
12926 2349 60
3475 6710 18
0 11112 18
524 4929 158
11755 9411 116
3641 66 82
2042 12899 71
4876 9068 27
11086 4945 82
2738 13352 126
14323 13065 7
14929 11232 26
11752 2675 116
10606 946 149
4821 7355 95
678 9731 103
337 7900 18
8202 5795 161
6333 9794 5
12058 931 166
4714 11031 142
14597 11604 78
12273 6433 103
1297 15244 155
15718 8715 53
11263 8197 116
15680 1234 117
12444 10966 102
3033 1851 142
4377 2675 95
2248 249 126
9129 8596 117
11068 14232 35
10334 14938 53
12567 11112 18
2863 3634 117
8931 9920 117
837 11966 95
10708 4563 103
6850 11733 117
11265 2675 95
14923 1573 149
4520 8829 117
8527 1460 2
9760 1490 109
11940 2675 116
7417 2675 7
14564 2675 116
6042 5838 0
7789 7789 7
10468 13171 3
1212 4185 54
507 9411 7
9098 2675 95
4968 2675 116
1418 14771 29
10005 6710 18
7901 4945 82
12902 423 103
3553 11112 18
8133 4566 142
3431 14856 161
8001 5010 95
9524 13 54
3969 13228 15
5129 498 103
10784 5709 171
4758 5709 60
4692 6710 18
14464 15771 54
2952 1790 149
204 14681 117
2257 354 18
5744 11112 18
2446 11112 18
7832 1461 54
10541 5709 43
10073 5009 5
423 4945 140
313 7140 82
2521 3307 15
5186 66 7
8053 14260 117
10252 2675 95
14418 8716 35
12778 423 103
1513 5010 95
12846 12671 114
136 11112 18
4878 5709 60
11836 2675 95
1286 2675 7
7640 13171 3
9475 11966 116
2753 15788 109
4784 2675 116
11474 1421 159
5129 15590 82
6440 5709 43
14114 11563 159
10093 2369 103
6454 6601 54
7129 12352 103
9815 2501 142
1274 9338 43
4817 12352 103
7179 5476 161
8723 4434 95
8806 2675 7
4771 5010 95
7564 13198 116
4567 7429 142
15475 2675 116
3947 1448 159
10178 1228 116
14531 5709 43
14879 15590 102
3687 6464 170
10069 8953 88
13515 2675 7
14459 2675 95
5194 11112 18
11955 6710 18
10528 10144 149
2949 10466 171
10765 4068 179
11783 15215 158
1490 11252 117
7783 13447 18
14342 2675 116
15123 7575 18
8037 11112 18
10019 10573 117
14252 6186 82
1981 5709 60
13077 10752 149
10784 12813 104
420 6242 159
2011 11112 18
3096 14517 82
1721 12797 56
10622 2675 95
41 2675 7
650 5010 7
7312 4002 158
8335 160 82
12303 7682 20
5433 13684 142
5430 2675 95
3368 2894 103
15168 15615 159
5582 11112 18
10474 13605 149
2124 8807 159
12399 15408 35
5127 2777 104
13250 2922 149
1899 11112 18
10980 10731 109
7422 15523 70
9640 13198 95
14472 13077 109
12987 2675 116
1300 6710 18
3336 2370 15
10375 8020 15
5192 9920 117
14256 720 54
7556 9411 7
12347 2675 116
7866 5779 29
5090 1484 14
14640 2675 95
13414 11872 109
4687 10728 109
669 6710 18
13300 2675 7
10662 1228 7
14061 9310 2
6634 4733 109
1298 7140 149
1807 1719 117
13971 3821 95
3996 13198 7
4027 1668 117
4879 6868 82
5072 1798 95
11982 2036 60
4618 11810 27
7141 8288 119
13082 6710 18
15703 7429 142
5931 6242 84
10312 6567 7
10472 5714 103
14105 3891 164
7415 10526 145
3134 5010 95
748 5493 15
871 5709 43
936 8887 78
15633 2675 95
1303 7137 161
9975 13469 117
6792 655 26
15687 6558 103
4276 15670 149
13107 14423 140
15753 11198 70
3270 11031 103
1909 2675 116
13861 6710 18
2821 2821 3
10475 2675 7
1222 6710 18
12442 8093 95
13036 10853 116
14713 3544 117
3638 5709 43
14929 391 161
7895 12772 179
977 10647 36
9287 11112 18
14472 6710 18
9514 2675 116
7874 11112 18
3584 10480 109
5083 7261 36
13165 3500 46
11593 6325 36
11583 6232 109
12556 5709 43
2586 4172 104
6471 13198 116
1144 11112 18
1924 9101 47
14722 15292 165
8601 4945 84
1423 11112 18
9380 5709 60
14140 15772 3
6053 11357 142
5824 4982 46
979 14097 46
64 11147 15
199 6654 161
6947 1100 70
14114 3891 164
1795 13639 27
4746 3879 95
14459 11112 18
15424 1955 158
10523 5437 23
10860 4531 78
8770 5010 95
8741 5709 43
8565 5010 116
5555 2675 116
415 11112 18
5170 5709 60
13421 7886 27
14158 2675 95
6114 13198 116
4892 5447 142
4290 4945 82
7056 11112 18
14366 11112 18
8232 3891 164
5185 10012 109
14974 2675 116
5242 12385 95
3846 9604 159
11384 6710 18
12385 5709 118
12778 1409 158
1738 7972 149
14873 13639 27
12404 523 99
2345 5709 43
9049 11112 18
5866 5010 116
15262 11887 78
7082 7682 20
8470 13176 109
8910 5775 145
231 4676 149
6723 5709 171
15368 15073 35
393 1234 117
2373 4598 161
10577 2675 95
4290 6710 18
11839 3879 7
3008 859 117
11084 15615 84
2452 5049 56
3995 9634 18
984 2675 116
3807 2868 27
13852 6710 18
498 6223 0
9851 2675 95
1316 15194 158
152 4697 29
15632 6128 78
5655 8837 117
656 2675 116
2096 7429 142
13378 3683 117
6789 9634 18
13423 344 142
7631 1972 75
13417 2675 95
8449 3128 149
9878 2675 7
8545 2691 117
6116 14677 60
10678 5709 43
1552 6710 18
1301 2675 7
7352 7666 161
11948 4495 82
4216 5299 15
11916 10758 71
10191 5779 29
10346 3832 46
951 5709 43
1108 12027 166
461 14432 75
6385 2675 7
2777 2675 95
2490 11112 18
2367 4510 149
3599 8058 158
9223 10758 71
994 13447 18
1542 10840 109
5292 1484 14
4975 4969 70
11474 10815 149
1377 2675 116
8397 11112 18
805 6242 102
12718 5709 43
147 5709 43
5549 5709 43
9282 15222 125
8735 7223 84
637 14883 117
9489 1484 14
11440 2675 7
7134 1972 75
12966 5709 43
3327 11002 29
4445 5709 60
6220 7682 20
14061 5719 2
2203 5010 116
969 10283 54
9916 2130 158
11850 2675 116
11333 14677 60
11556 13447 78
373 373 7
8746 3891 164
5096 5709 119
469 9794 5
603 11112 18
8568 12352 142
9202 9988 75
13643 2675 116
11376 14938 125
15337 5709 43
14142 3456 54
11449 2215 88
1194 10523 82
15337 10523 82
10606 5709 60
10336 2623 117
4817 5108 82
12743 12899 71
4431 2675 116
13583 8460 117
12078 973 56
15648 9785 102
582 5211 46
12979 7926 149
2479 6710 18
140 6558 142
14290 423 103
15740 345 169
6609 1421 82
466 160 82
8447 3891 164
3885 1421 159
681 3891 164
12240 1927 161
3090 2401 82
2013 4149 103
13662 5709 60
7766 10543 103
11668 5709 43
5162 14906 2
4002 2675 95
9060 5010 7
3013 14178 60
12889 13013 70
5052 8738 140
14244 66 82
11939 14423 149
3125 5709 43
12695 4456 179
3599 4937 161
13990 9634 18
3691 11269 103
12092 2428 102
14247 4945 159
8234 14517 102
5520 5709 60
11111 610 164
10263 34 70
8082 2675 95
722 3891 164
648 12671 114
1730 859 117
2731 2675 95
1507 13171 3
959 11215 70
3879 8153 111
15399 3639 109
8701 14432 75
14429 10464 7
9906 4495 116
12262 5010 7
2023 2292 145
10786 11112 18
11130 10655 117
2234 11327 177
14214 2675 116
14209 6779 117
4266 1564 149
1826 9282 82
11965 14677 60
2564 6242 102
12509 6710 18
7089 12973 161
15343 8975 102
12448 2675 170
1949 8182 43
1820 5709 43
15696 5709 171
12022 3721 140
1826 6710 18
2504 1421 82
11026 1969 35
10703 3891 164
12307 2675 95
12443 2675 95
13414 12453 109
1970 6556 177
15141 14978 87
1088 2675 116
8155 11113 60
10227 10144 102
5425 14479 140
747 11112 18
12628 10853 95
3863 11182 25
15462 5709 60
11993 2675 116
11033 5709 60
8513 1484 14
8896 13447 18
1417 7291 149
14247 4945 149
2625 2675 116
158 9431 5
2198 2675 116
1283 2675 116
684 4945 82
3636 535 113
10219 8116 70
13904 2675 7
12177 6242 102
9818 14996 7
10074 3891 164
8470 14158 26
11961 1421 84
14420 14501 117
1405 387 159
3485 6028 35
4881 6218 149
5330 12524 70
4420 11112 18
15788 3891 164
9365 14749 70
15498 12019 149
15282 2675 95
3202 2675 116
11034 66 82
5733 2675 116
9036 13171 3
5222 13261 117
3834 1657 149
10578 610 164
9855 3610 95
536 14831 161
2875 6710 18
12819 11112 18
4137 13957 26
5496 3821 95
9573 9338 99
7246 9766 35
12557 12841 27
10748 5709 43
14839 6710 18
9550 2732 78
11855 4495 82
11233 2675 7
9532 8371 78
12211 14771 29
133 11112 18
5893 12150 104
11528 14920 43
4660 11112 18
1936 6710 18
13929 13888 159
1542 7429 103
9483 5709 43
7887 6710 18
3435 2675 95
9931 2675 116
7399 6710 18
2606 13171 3
4105 1463 103
5495 4357 29
7360 6242 82
6198 14432 75
14105 5709 60
11082 3658 75
2121 3832 46
4980 1789 155
14816 5960 158
6725 1421 82
5487 12352 142
8899 13198 116
7517 11112 18
10853 6587 65
2904 7140 82
15621 5709 43
1616 2675 116
6792 6710 18
6170 2607 102
11444 5010 7
11935 13171 3
5659 3032 102
1948 14814 149
14094 5779 29
5944 15208 29
15381 3832 36
8329 15077 78
14623 5709 118
3354 15077 78
13539 10014 29
8644 5709 43
5906 8190 25
3697 10144 149
15430 9794 5
9344 5010 7
5449 4945 159
11877 720 102
5622 1459 82
15616 1652 149
8147 2630 109
12817 14809 117
6117 12973 161
3869 4945 82
13293 1421 140
12215 981 117
1536 11112 18
12232 11269 142
2136 11031 142
9186 7682 20
7104 1458 35
6109 11112 18
13892 5709 171
4193 1421 82
1836 8529 70
8935 6035 7
8537 6710 78
1228 14443 5
3039 4945 149
4073 9411 7
14943 13095 117
8457 3365 158
4286 681 70
7893 11112 18
10294 9965 7
1831 3891 164
2443 2675 95
13009 5135 95
13606 854 60
14254 3891 164
14984 2675 95
7820 11112 18
9525 13708 82
3844 11031 103
4279 8977 7
4500 7972 15
7348 11112 18
9992 5709 43
6721 5010 116
12725 4909 36
8856 6681 159
3531 7471 54
8491 2675 7
191 12949 126
402 9034 117
8721 5709 60
12623 4945 102
14066 14771 29
7422 344 142
12079 8093 95
14744 2675 95
12714 758 161
10493 13778 177
13544 385 149
1428 8454 161
10437 15633 35
1379 2675 7
8052 14517 82
3674 11112 18
9411 877 118
10965 2129 84
14854 14517 102
5694 14565 117
11296 2675 7
1197 8901 103
6178 5775 82
5383 3914 3
11166 13171 3
10597 1829 142
2216 4867 65
8646 3821 95
11214 3879 7
8405 5010 54
5333 2675 116
6844 14677 60
2127 11983 109
12861 12150 104
9741 2675 116
7836 8093 116
6217 5779 29
9758 14178 60
7544 11113 119
1791 8138 7
1498 1959 56
13159 10853 54
4105 5010 116
9522 6738 43
2172 8197 82
12672 12671 114
1982 11112 18
15278 2675 116
7120 10523 82
2259 2675 95
6151 6710 18
775 6710 18
9402 7223 84
11726 11112 18
10758 2675 7
2269 521 70
7819 70 149
9289 5709 119
5048 11704 149
13784 8093 116
7056 1561 149
14094 9920 117
8825 4909 36
9416 11112 18
14511 10393 117
5023 2675 116
9195 12728 0
5575 2675 7
7296 292 109
10121 11843 3
14942 1421 82
3960 13072 54
7367 11112 18
5730 14859 149
5581 13430 158
5161 2675 95
12144 2675 7
15239 13171 3
9840 14070 102
7213 968 161
7187 6433 103
2099 2902 54
5191 7140 84
2314 13540 3
10953 15194 70
9129 3500 46
12236 11112 18
2810 5497 159
8865 14832 149
14681 13447 18
6113 6710 18
10725 15669 161
12096 4370 103
352 13103 149
3879 14475 47
7457 10706 15
6807 4566 103
4231 2675 116
8739 10758 71
13495 11031 142
14578 10354 15
2478 70 149
911 2675 116
2939 1829 142
485 2675 95
12468 11112 18
14979 5010 95
8613 2675 116
9853 11253 47
15677 5709 99
13511 11113 43
9642 7761 70
1820 4945 82
3296 3467 159
2857 6710 18
7271 14647 117
5559 8093 95
6307 7501 144
4431 6181 70
1663 4124 74
11397 4945 102
12519 3891 164
2060 15155 158
12883 4945 159
5673 12973 161
14058 5709 43
4302 12413 70
15011 10144 149
11861 5838 0
14950 11112 18
1211 14494 56
9495 6710 18
3681 5709 43
4962 3891 164
10913 2675 7
1794 8093 7
8395 14809 53
11331 5779 29
13590 3517 70
13232 1829 142
3784 3657 149
5865 8054 15
9784 5709 43
9975 2036 60
363 5709 43
12249 7587 149
13143 11112 18
7657 3821 54
13357 2675 95
8183 7698 82
12468 2675 95
8868 354 18
3581 1421 84
12552 3879 116
256 2408 70
4979 11112 18
3935 3891 164
2925 458 36
6991 10853 116
3107 3879 95
8779 4563 103
12335 12335 7
9326 11112 18
3770 2675 95
4952 14805 111
4465 2675 116
2252 8049 7
4264 11269 142
11974 2675 116
8221 12899 71
14308 9777 54
8112 3891 164
13858 1501 151
14013 2675 116
15212 11821 5
9993 14365 161
12139 4773 54
880 13215 158
7172 8847 18
1610 9455 43
9391 4180 161
8843 12978 70
15156 3891 164
13480 2970 109
3125 6710 18
1285 11477 161
12068 1669 43
4717 6710 18
12039 1829 142
1674 3821 7
4371 3832 46
7386 6242 159
6160 2675 95
2691 5709 118
7584 11112 18
2026 5010 116
4608 1829 142
6611 5010 95
3928 4370 144
6083 3879 7
15416 2840 117
14940 8459 177
2287 4804 158
6596 5709 171
10299 10274 15
12674 2675 95
14898 3879 95
7342 14070 15
7399 9322 109
11042 13198 7
12378 1972 75
3781 6242 149
8231 3832 46
6052 1573 15
10013 5709 60
10298 10966 149
3052 11563 159
10733 6710 18
4936 4317 109
1947 7323 149
4566 2370 15
7768 2675 7
5268 11112 18
1105 5709 60
9411 14677 118
12006 3935 70
4754 5709 60
2304 2675 7
14188 12527 170
5431 11772 161
4798 1805 113
49 7137 161
5324 2675 7
12593 5010 7
7972 561 54
11498 6242 149
12937 14475 47
1776 2675 54
6787 5709 43
9141 2675 95
10326 2675 116
7561 2216 116
8423 1421 149
11712 15772 3
5185 2675 116
9703 2675 95
11439 13171 3
13383 5010 95
14491 88 171
1895 5709 43
7482 5709 118
15491 5172 45
6932 5709 43
2127 8260 109
7629 8542 22
11916 7159 95
4952 14475 47
4025 12736 159
99 3032 54
595 11112 18
10110 14106 158
5954 9411 68
9413 5709 60
1176 12101 81
3751 9988 75
7558 2675 95
15748 2868 27
13150 3832 46
5333 11076 82
8519 5010 95
15451 4598 161
4676 2675 7
6240 6242 82
10005 1969 35
10556 13780 88
8081 2675 95
6662 11112 18
14831 11112 18
2778 11357 142
6940 6940 7
8731 3832 46
6462 10966 54
14897 2675 116
5090 5010 116
5453 2675 7
13202 2292 145
796 15590 126
14865 11112 18
11701 11112 18
9493 3336 103
7917 5709 43
5164 14907 109
15768 8464 109
7607 13605 54
14561 5709 43
13556 5709 171
15331 3336 103
5983 4203 82
8599 3933 161
10919 15772 3
10879 9512 29
14604 9634 18
2486 13785 15
4103 10568 7
313 6710 18
15318 11112 18
14548 13247 149
7330 6242 149
2183 2675 7
1309 10922 149
3475 15699 103
14616 2675 116
2898 11986 35
782 5709 60
267 1494 82
8502 14805 36
10574 10336 70
9033 1228 95
6388 3336 103
3625 5709 43
15125 11343 117
11355 7302 113
14185 6242 82
1786 3891 164
9870 11423 43
9159 2675 95
10471 10659 78
10735 10659 29
12362 13198 116
5084 11253 47
1724 5709 43
4725 9173 43
14421 11871 46
15696 2675 116
6753 1204 158
8648 11889 160
10455 10929 74
2991 6710 18
10374 11112 18
2248 5779 29
9276 8093 7
6207 4945 149
6016 3832 36
7804 2675 116
5862 66 7
14503 2675 95
15436 144 29
5109 15672 29
9250 14517 82
12840 2607 82
128 8093 116
14966 10089 102
10205 485 158
6270 4456 179
3347 12632 126
9248 2292 145
9189 7575 18
1653 5010 95
930 8748 82
10630 5779 29
9570 4878 161
9948 3914 3
1631 14494 56
10565 3336 142
8233 7026 149
3816 13171 3
5999 9283 27
533 12866 88
8741 6366 177
4826 6752 103
12402 5709 43
5090 10024 81
1703 2714 54
7119 5172 45
4028 11112 18
260 66 116
8431 2675 116
11572 66 54
706 13701 29
13566 15408 35
4321 5709 43
7983 15606 118
10394 14961 35
6820 5010 116
11863 12300 18
4287 14838 117
4136 4495 82
5341 1829 142
14201 13844 149
492 15155 158
1762 4945 159
4485 13447 18
2507 2675 116
2911 11250 29
7262 6710 18
13078 12791 82
11268 10581 109
5733 11031 103
13139 9527 161
2128 4937 161
12560 7972 15
15280 14980 109
15678 14576 109
9327 12046 82
8897 9653 144
8422 6710 18
6643 2675 95
11394 13447 18
4039 7575 18
11804 10853 95
10479 5709 171
14953 13650 82
7419 2675 95
4342 1187 161
76 8844 126
13283 1798 95
1206 2675 95
2753 2675 116
727 5709 119
2059 12233 7
9548 3879 7
10811 5010 95
11634 2675 7
2355 1577 149
10613 1211 103
5219 11005 117
8980 6242 159
2753 111 70
10115 13171 3
8899 2675 116
2029 5709 60
5841 10079 7
14943 11112 18
2664 11269 103
9046 6710 18
2275 13447 18
15703 12671 114
11153 4697 29
2973 14256 117
13926 11112 18
2432 4370 103
8055 13198 116
4873 2675 95
10873 4370 103
8061 6710 18
15740 1109 35
5646 2675 116
2736 11031 56
13234 10316 103
11496 12253 102
15144 464 70
1145 11966 116
13357 6242 159
6229 5709 60
653 4115 54
10443 11112 18
6596 3048 43
8903 14309 126
7933 11112 18
6013 11112 18
11779 5010 7
4286 1421 82
7420 70 82
2493 5190 78
15739 12808 70
4224 2675 95
13263 9381 27
4234 1484 14
12897 11112 18
11664 211 117
2909 7140 54
2532 11112 18
942 358 70
3033 3928 103
12828 2675 95
7163 11112 18
15605 8344 117
7595 6469 140
7796 2675 95
9846 3055 18
9216 4945 15
907 1087 36
8398 10659 29
3113 9707 166
8147 5709 43
21 10179 161
14116 2675 7
3575 4009 159
15235 13008 26
1197 2675 116
15321 11112 18
4101 8223 102
11784 14562 18
3466 6710 18
12367 3821 95
4285 2675 116
2129 9673 47
6583 265 158
7571 8791 88
3497 8093 7
5661 14677 60
4520 13469 117
9925 13447 18
11028 1561 15
3414 3082 109
9795 3576 149
5921 5135 7
9272 1692 117
1948 7342 117
4666 13352 126
7159 9455 99
1208 2675 170
10321 8793 87
7274 6710 18
13287 13171 3
11317 2675 7
6467 11112 18
14682 2675 95
13169 9634 18
13275 6601 140
846 4357 29
541 4002 158
8825 2045 103
9485 6488 166
7604 3336 103
3278 6752 103
1110 1822 70
5804 5709 43
6227 15487 53
1086 5709 43
8095 12900 74
6445 4694 159
11318 2675 95
14943 5709 60
12234 11566 113
11586 11112 18
781 5117 117
15812 3527 109
7210 5709 43
12235 8583 149
2663 11782 27
14769 10012 158
2207 13171 3
3033 3197 103
15463 15463 7
1016 11112 18
358 13667 117
10521 15037 70
11111 5709 119
12904 11112 18
8741 9157 142
15016 5709 60
5128 215 109
4687 13215 158
7131 6242 82
14485 15683 149
9193 2675 95
3062 6285 161
3023 5709 43
13455 7369 158
15072 12944 7
2352 13002 78
1806 10904 149
10002 5709 60
8250 6242 82
7349 12352 142
8283 2640 173
6258 4037 5
10485 4945 54
13332 12831 117
12256 2675 95
3006 11112 18
9229 5838 0
3487 11112 18
2753 11232 26
1108 11112 18
7468 14070 149
766 7742 149
7919 6710 18
10300 12537 18
14718 854 119
7333 2529 78
8656 5010 7
12224 4945 82
1222 11031 103
13463 11031 142
7152 5709 43
7360 12352 103
2538 8863 74
6624 7140 54
2172 5709 43
1393 2675 7
10341 10312 15
12094 5709 60
5059 11243 88
8483 11239 117
12779 11112 18
4060 12305 117
213 2675 7
447 12899 71
9813 5010 116
12775 6710 18
12519 4945 149
15654 415 109
2635 9774 158
14729 1561 15
14665 3821 116
690 2675 116
14272 11252 117
14667 10321 7
3784 1512 160
6684 6710 18
9584 11112 18
2852 8093 7
795 5709 43
9159 11112 18
12325 3231 78
10064 2346 149
4950 9551 82
15813 6035 82
13407 12150 177
7296 5709 43
12428 11598 36
14847 8197 116
3421 5709 43
14194 12184 146
3579 11966 95
10828 10813 74
13750 5709 60
8414 8748 82
6617 2675 95
2537 7473 82
203 11202 109
10315 11112 18
13054 6779 117
9343 14275 113
7152 2675 116
15034 5224 177
13329 2675 116
11555 14677 99
15258 2186 158
15399 3639 158
11087 66 82
14233 2675 7
12581 11843 3
14210 7724 36
9879 3891 164
12005 10144 149
10566 5709 43
12355 5709 60
4544 5709 43
14161 5688 104
2829 13515 82
12708 2245 161
6267 9098 161
15501 12671 114
3219 15136 88
6242 11253 47
2813 2675 7
3744 14599 142
12646 2675 95
15194 11112 18
10638 3821 95
8736 8736 7
7637 10758 71
13260 4166 56
5466 2675 7
9540 8169 53
12211 12899 71
5434 13171 3
5017 9338 119
7439 4989 70
3269 5723 81
5505 11691 158
2400 13910 109
3969 2675 7
10224 1117 113
4725 2147 43
7619 11921 117
12695 5941 117
376 12291 15
9413 11112 18
3087 2675 116
12866 15615 102
4085 11112 18
2319 2885 82
2 10543 103
12986 9411 95
18 15632 78
10579 3879 116
10236 2675 116
2322 5009 5
3721 14805 111
2771 5709 60
5322 2428 149
15663 8399 117
11817 10647 36
5637 11604 78
11339 2675 116
7636 1448 159
10595 15486 158
7113 1561 102
10875 14628 149
1163 3146 18
8789 13447 18
6425 5709 60
13427 13171 3
7742 2675 7
7443 9972 161
7563 10568 7
4935 15615 159
10664 10143 113
2038 6438 109
8339 8720 159
7056 5010 95
12469 2675 95
10260 2675 116
1452 12184 103
295 6710 18
4378 458 36
9815 1087 36
5006 4043 140
6803 2598 149
10371 10752 149
5431 9423 161
15257 5709 99
13423 344 103
12030 11112 18
5398 6643 70
10044 2675 7
14818 6300 70
11324 1421 82
5944 11112 18
2884 2675 7
14069 14178 60
5311 66 116
11423 793 7
6056 4945 82
5627 15163 82
885 13384 109
9004 2675 95
1007 7140 15
13791 6710 18
8528 7575 18
8736 5775 145
2324 15615 159
4515 11112 18
9375 2099 117
12962 2675 7
8398 5709 119
1502 14114 109
13868 2675 116
347 4945 144
3952 2675 95
10105 13198 7
4047 11460 109
5699 11112 18
12381 2147 60
12383 2675 95
2423 12184 146
2934 13597 54
5542 11394 117
9263 13198 95
734 2675 95
5112 11112 18
5957 12352 142
11463 2675 95
14213 2675 116
10229 11112 18
7761 66 95
9629 6710 18
5699 15615 102
15434 5709 43
6736 446 70
7810 5709 60
11085 6325 36
1488 5045 0
3539 15429 53
7580 6710 18
6574 10440 158
10415 5010 7
358 14054 149
5031 6936 70
3099 15025 54
6154 13650 54
5914 7752 149
4203 9673 47
5604 5010 7
9131 5186 102
4414 11112 18
15729 2675 95
14462 13540 3
14363 5709 60
9322 13198 102
12385 14938 31
8069 14517 82
13610 4867 65
5613 5709 60
10999 2675 95
15039 10966 149
4614 2675 95
11001 6710 18
14439 5709 60
13565 12671 114
7818 5387 149
13921 11038 149
1266 11112 18
2339 9826 18
526 13171 3
6491 6710 18
15593 6710 18
10679 8152 158
7836 5233 161
11152 11246 117
15530 6710 18
8313 1798 116
1526 854 43
6258 4554 95
7244 5709 43
5056 6710 18
11548 5709 60
5686 66 116
5799 2913 149
3879 5709 99
12904 2840 117
13880 1421 82
9501 14556 95
13098 14888 18
8119 11112 18
6615 3500 46
15127 14283 71
3393 4945 82
5230 11112 18
2201 2675 7
4826 2675 116
8762 5885 177
7149 11269 142
2562 8649 56
5305 4370 103
1980 5709 43
12202 13840 161
9661 5709 43
1495 4203 54
6466 11966 116
10348 5010 95
14625 5199 70
12143 11021 104
11693 2675 95
4806 4185 54
4261 4062 70
2045 5208 69
2972 11031 103
1205 11269 103
4012 5709 43
15546 11112 18
12174 4945 149
910 12233 7
6908 13097 117
1213 5493 15
10073 2675 95
7385 5010 95
8104 1719 117
14711 2675 116
2840 7310 54
229 14250 21
6002 2675 116
4550 5010 7
5598 5709 43
541 2675 116
3774 2675 116
9522 2675 116
10448 6242 102
6358 2675 95
5605 5709 43
7343 5010 95
11110 9766 35
5718 6411 140
102 4847 117
4099 10163 95
15366 11112 18
8893 2675 170
5376 11113 60
1810 9304 142
14949 15672 29
3352 1421 54
4230 9338 60
10810 3596 117
15414 3336 142
9208 3583 54
230 2675 7
9963 13171 3
11198 7894 160
6661 315 117
5011 2675 116
10562 5775 145
13203 11113 60
1196 6710 18
10620 14749 70
1035 5838 0
8753 9235 117
8103 2675 7
14181 9381 27
2646 9794 5
12964 66 95
15551 6203 82
1974 5709 60
12235 11112 18
8344 2675 7
14920 7659 7
12465 6242 159
12360 3879 7
14851 4697 29
9183 9878 146
10400 2675 116
1658 7170 53
835 3917 54
11495 15073 35
295 11243 88
15194 9381 27
6005 15208 29
10750 2629 54
15160 3928 103
14450 6779 117
7449 6710 18
4730 7195 158
6888 5009 5
10985 2675 116
14466 9153 149
260 1514 70
10142 11843 3
4491 11112 18
6734 1009 158
9297 1004 33
11711 15772 3
6350 5709 43
6679 8863 74
15750 10491 109
13042 8093 116
5445 5709 60
11366 2675 7
5482 2675 95
15458 5709 43
3885 3832 46
4462 3223 161
11945 1421 149
14648 12949 126
1271 12352 142
10131 6699 158
15450 11112 18
8436 15661 70
3299 2675 7
14232 7355 95
1101 10312 149
12536 5493 149
8368 3032 82
12323 8880 139
8056 2675 116
8597 11843 3
12570 2675 116
10521 14556 82
3291 13198 7
5656 2934 149
13264 5709 60
14035 12671 114
253 11112 18
9215 1211 103
10604 11112 18
7199 15062 117
6559 12352 142
1014 2675 7
11485 6710 18
4194 12949 126
7933 9794 5
4260 8320 109
10441 3657 149
3163 8736 7
14516 3721 82
10532 9455 60
2717 5709 43
7379 11112 18
6580 5060 78
14953 6232 109
585 14232 35
4136 681 169
9046 5709 43
14396 3186 82
5781 10344 164
5101 10894 160
2931 2675 116
14252 11269 103
15673 2675 116
13275 6601 15
8675 1234 117
9946 10721 149
4843 5709 60
15499 6710 18
6725 5709 43
15752 13198 7
5083 5709 43
5875 6868 54
14284 6325 36
15061 2356 161
4801 4566 142
9570 6710 18
12930 2675 95
12717 11107 117
10620 3336 142
4636 1815 117
6881 3933 161
525 12352 142
15330 2216 7
5219 7432 5
4103 15625 7
5398 1265 158
11198 3832 46
8754 2675 116
4276 2675 95
8658 2675 95
12373 6752 103
489 4945 149
14489 4945 159
12006 13275 103
12400 10401 15
9778 7967 82
10104 2369 103
3669 5709 60
1639 5709 43
1588 13050 103
11115 11112 18
5024 10853 54
12428 14888 18
14281 5010 116
15671 6349 54
10899 14729 56
4339 13171 3
2842 7740 104
10920 1968 109
3003 6433 103
14261 1805 113
4229 6710 18
2698 3197 103
11677 12841 27
8173 14119 7
3621 12573 103
13529 9867 5
7367 160 149
7271 3891 164
8846 9558 177
8538 5709 43
6399 13447 18
14022 4945 159
8072 8399 117
7028 10103 149
6351 12617 159
6896 5709 43
1974 144 29
1525 9777 149
6478 13588 102
14132 11503 70
12389 8297 35
5703 13171 3
5862 13171 3
8784 15719 54
5780 5010 7
13716 12316 54
9274 7121 149
2047 4203 54
1502 11031 142
14371 10523 82
3790 10853 7
1268 6868 82
1579 13353 159
4860 2675 116
4080 5709 171
5010 8874 23
7912 11366 117
1712 5010 116
7091 2675 95
15513 8844 126
1203 4194 70
13172 9794 5
233 11112 18
11364 11112 18
14474 5709 171
11898 8113 54
12474 5709 60
1679 2675 7
3466 5709 43
14607 10615 117
6838 7659 7
4728 11112 18
11269 7341 21
4195 3821 95
8668 5709 60
15039 4697 29
6253 9826 18
12320 11252 117
7663 5010 116
9111 5709 60
9772 5960 177
8071 1972 75
14166 11112 18
5934 7900 18
2082 4945 82
8039 14961 35
6669 720 149
8855 11112 18
11552 5709 60
11939 15208 29
8404 1348 109
2279 11112 18
9051 6710 18
6297 2675 116
4708 6150 7
8065 2675 95
14862 9653 56
3980 4185 54
12499 13171 3
10389 15752 4
5253 14084 161
6972 2675 7
9975 13374 117
2225 2675 95
1397 4770 102
7638 4420 74
8049 2036 99
12124 391 161
8117 13183 27
11589 14771 29
10128 12899 71
6749 5779 29
12618 11112 18
4595 4945 82
5539 9634 18
10577 8945 149
2698 9304 142
3738 6710 18
4515 13171 3
8240 66 7
1205 5709 43
7862 14517 82
10639 4566 103
10574 2675 116
1145 4643 70
1191 6710 18
5803 714 158
12539 2430 152
3881 4259 161
6484 535 18
3103 6710 18
5121 10041 145
9138 9794 5
2700 563 159
4623 5709 60
4071 6242 149
15017 6488 117
6157 13183 27
9238 10422 161
1586 13198 116
8543 15001 88
1198 2675 116
9235 2675 7
5478 11358 70
13128 2675 95
7431 4925 161
7693 7972 149
5835 5580 82
8758 12352 103
1986 1415 26
14437 10559 10
4518 5010 7
2291 10344 164
8165 6710 18
3293 1833 54
1784 5492 54
9792 3282 113
2982 15208 29
8126 13540 3
7270 8167 43
10541 14537 142
9386 1379 103
14880 2675 116
12357 11113 43
14946 2216 7
3517 11437 117
6117 8093 82
6605 6710 18
15425 1829 103
1013 12671 114
7223 9303 7
7985 5709 60
13008 6164 149
566 14309 126
10744 8044 36
2144 2675 116
5206 6710 18
1968 8399 166
6736 5709 43
11121 13341 82
2601 2675 7
14735 2675 95
7781 6203 82
14892 4185 82
11605 4899 27
14493 11112 18
9177 15329 152
8443 6710 18
8075 2946 27
10519 5010 7
11755 12352 103
14974 6710 18
7501 2675 116
14620 5123 149
5021 3832 46
4888 2675 116
11360 2675 95
14047 13353 82
14210 15406 116
9439 5709 43
1400 2868 27
1159 4370 142
13351 3456 149
4111 5709 43
3414 3336 142
7279 11871 46
6864 15015 36
2789 2675 116
6013 2675 95
13665 14721 149
14987 11395 160
6907 177 102
3431 5709 43
13568 12671 114
12313 6469 140
6133 5428 117
4978 11112 18
7622 2675 7
4881 3891 164
5704 11112 18
8552 11112 18
5615 7967 54
15586 10918 82
11697 5010 95
2666 4185 82
3907 11112 18
13662 5955 18
7481 12899 71
7129 5010 116
457 8312 102
10804 13083 145
6767 3349 109
1106 2675 95
5449 7924 102
2712 13316 7
11393 4741 158
14280 9499 70
1674 2855 114
8368 5709 43
11669 9338 60
14538 3832 36
10118 2216 7
11985 11551 158
2461 5010 137
2684 14677 60
11152 6242 159
7996 12671 114
12258 9592 78
1217 1421 82
6679 8108 82
1699 3821 7
9578 13639 27
6193 4945 82
7316 2675 116
1678 2675 116
849 7355 7
13620 4945 82
9750 2675 95
896 11843 3
10472 5709 43
4096 9168 161
11205 4945 15
12802 7826 29
590 2675 7
15452 6710 18
2898 4370 109
2948 8844 126
11389 8897 103
0 10089 102
10673 5709 43
1187 11112 18
7131 11357 142
12589 11112 18
8507 97 161
13276 3619 117
15733 1972 75
256 530 177
8852 5709 119
8987 343 161
7334 7334 7
7672 11112 18
6376 7394 29
15623 5955 18
5992 11112 18
2791 6710 18
7780 5709 171
4490 11252 117
11358 9455 60
242 301 82
2608 5010 7
7111 6710 18
6076 9303 95
3944 1829 142
5831 9338 60
13382 7924 149
7219 5010 116
1060 3996 117
10661 7137 161
10865 1758 29
3731 5709 43
14675 6710 18
4948 8418 149
8515 6710 18
11937 6752 142
282 4550 125
8221 7140 84
6278 3947 88
1773 6242 159
10667 12537 18
979 5010 95
7690 10224 117
389 9718 27
7373 7789 54
9975 5709 60
12442 9338 60
3041 3776 102
7990 5709 43
12140 6917 158
469 8460 117
9067 11269 103
9555 3891 164
9104 4563 103
10419 13374 117
13643 5709 43
7820 5497 102
6112 5511 117
7195 2675 95
4876 10758 71
4204 11112 18
6970 3879 7
3089 1547 161
14476 10344 164
5014 11291 155
3685 2675 116
8314 11112 18
5760 13077 109
9338 8252 7
2902 7374 23
5065 6710 18
13291 1784 31
6755 11366 117
11535 4945 82
9343 12452 166
5490 2675 95
12114 1851 103
13486 12300 17
2771 3832 46
3987 5779 29
9119 2675 7
4419 13083 145
3096 9159 70
11588 15615 140
9054 5709 60
12684 11738 35
10917 14643 26
6033 2675 116
1513 3618 159
333 12225 117
12317 11112 18
9984 6242 159
11278 11113 60
12900 3891 164
1470 6710 18
10182 5709 43
2202 5709 43
10585 4708 119
12494 11112 18
7757 15615 149
2776 11003 161
1449 2675 116
10171 12233 7
15768 8267 82
6953 13582 158
656 2703 26
4467 9663 7
6389 5709 60
3122 4629 88
12791 13083 145
12226 3146 18
5917 10680 117
10873 2675 116
2187 13171 3
1777 4945 15
14218 13171 3
10806 1509 53
1242 1509 56
7569 2675 95
5625 2292 145
12165 4185 54
5466 15379 31
14763 6710 18
13192 3821 7
14587 9920 117
12944 13083 145
12772 2675 7
12034 8310 7
11919 6242 102
108 12514 169
5056 4495 82
2826 6232 109
5725 11112 18
1226 8205 70
8788 6710 18
7002 13613 82
652 6044 7
6176 10999 158
8812 10144 102
4378 14980 109
1770 2675 116
6388 3123 158
7213 990 103
3039 15208 29
9129 11112 18
1522 12352 142
1825 3223 161
13126 2675 116
8112 2675 95
7145 2675 95
11001 5709 43
5794 5010 95
3563 4412 103
750 2675 95
5606 13469 117
9722 2361 158
5353 11613 117
6536 1228 102
14087 5709 60
2992 2675 7
1594 11112 18
410 5709 43
6727 1561 15
947 208 142
12752 2675 116
5810 11966 116
8633 10012 158
2973 10014 29
10698 10698 7
250 2675 95
3296 15672 29
710 5709 60
12156 6710 18
5902 11460 158
4302 11966 116
5835 5709 43
2243 6223 36
8120 6258 169
10730 3788 109
8120 3879 116
2298 11269 142
14243 3832 36
12836 2623 166
13867 15052 82
15813 12671 114
2243 8093 116
11052 5010 95
7574 14423 149
10999 11112 18
14012 12010 117
7352 10340 70
726 522 70
2051 5709 43
14034 12973 161
10116 2675 7
2664 7767 109
3517 2675 95
5811 160 82
8606 13352 126
7428 8895 158
12901 6469 82
7337 14515 15
6640 11112 18
3916 5709 60
5384 758 161
823 2675 95
3930 674 158
13039 15415 132
10730 5709 43
7537 2675 116
4247 530 177
10583 11112 18
2879 6710 18
8651 15772 3
4833 6710 18
10480 11112 18
8976 2038 81
10726 63 54
6598 3832 46
6221 9455 43
14399 5709 60
8420 11678 170
1359 1512 160
3516 5709 43
9339 6710 18
12056 1393 54
223 6710 18
11130 5010 95
4475 4370 103
13067 13171 3
14175 6035 82
1502 2675 116
13136 10662 46
3813 11112 18
8099 1988 117
583 5709 60
3119 2675 116
9536 1421 82
2740 2675 7
7977 5447 103
15236 7972 159
2205 2292 145
7231 5709 43
10690 2675 95
7512 9634 18
8462 5709 118
11341 3891 164
4527 5010 116
8249 5709 43
5549 66 116
5650 2675 95
6493 2675 7
3786 11107 117
241 5709 60
1636 10423 149
9266 13171 3
14171 11031 103
15019 15699 103
9731 3387 144
5876 9338 60
14840 12791 82
12539 2675 7
10335 6710 18
14202 1494 82
7269 13447 18
2540 7290 36
2453 1512 160
6099 8267 54
3122 6956 161
6755 4945 149
13974 5709 43
8505 7853 70
10178 9304 103
1868 4708 99
12078 2675 7
11490 11112 18
577 722 70
9362 11113 60
4879 5709 43
4115 3377 145
7488 4945 54
5917 720 159
8049 11706 12
2924 5709 43
14918 13183 27
10920 12352 103
5646 9653 103
7884 11715 176
3848 5709 43
3173 3658 75
1333 2449 7
12607 4308 82
15273 3336 142
14932 1926 158
10013 11112 18
5394 2675 7
3933 3659 149
2060 4370 142
9261 498 103
14756 5779 29
10088 11112 18
13799 3891 164
4205 11112 18
9397 9673 47
7816 2675 116
300 11112 18
10124 1938 109
4227 8917 7
2536 5010 7
15385 2675 95
77 4945 15
10313 4561 5
4102 10340 104
13146 10804 7
11663 5709 171
13769 5709 43
4173 5709 60
15451 2675 116
13399 1679 149
4361 11269 103
1298 5709 60
10264 6601 149
11184 2675 116
2148 7717 170
11330 2675 116
428 758 161
11014 9455 60
9959 2675 116
7907 4945 82
7026 5010 7
13252 3891 164
4360 5391 35
13633 11113 60
3028 11031 103
7378 9106 36
415 3891 164
4217 11252 117
13699 11112 18
6329 9770 15
2628 5629 102
2035 9411 7
13880 2676 158
13496 12806 117
3992 5143 15
1427 6868 54
4655 2675 95
1394 1715 161
640 2675 95
760 10144 102
6208 8352 149
1382 4945 82
5188 15411 103
1457 2675 95
11159 2376 15
13683 2607 15
15168 13180 113
15520 7506 109
4764 4726 15
13396 1494 102
13627 11112 18
14093 832 161
11108 2675 95
4615 8093 7
4455 3146 18
6495 12671 114
15217 14599 142
6508 4945 140
10011 9382 166
6307 10523 140
13944 7438 149
9054 2662 126
10781 11244 109
1370 5709 60
3485 5709 43
15735 13477 146
15280 5709 43
5425 2675 116
12149 2675 116
6895 7341 21
6193 6232 109
2347 6433 103
13745 13972 60
6529 9385 117
14280 12671 114
11546 4620 109
7299 2675 95
1259 13888 54
1364 3914 3
1005 1829 142
14412 4912 54
4827 12973 161
13659 6710 18
2049 5779 29
6804 1768 159
7610 5709 60
9417 11563 159
13975 5010 7
7504 3891 164
4963 2675 7
8675 5709 60
3371 14460 103
8001 5709 60
12516 12841 27
7278 4749 117
14301 5709 60
14447 1421 149
12520 11113 60
13889 9338 99
11459 12527 7
9848 2675 7
12829 6710 18
12620 6738 60
15424 2675 116
2455 11112 18
7069 1315 158
2210 2675 116
5203 7140 82
6561 8737 78
10621 5010 95
13542 15108 54
14371 6860 161
4256 2675 7
11589 434 102
242 5709 43
3798 11423 43
3719 3427 158
6202 2675 7
15589 2675 7
5082 3879 95
15752 12019 7
14361 4945 82
6285 9810 113
11344 6156 161
13007 5709 43
8419 6524 117
9993 5709 43
5438 11112 18
12860 6232 109
3848 6987 109
15770 6242 82
11620 70 15
11548 3287 126
527 12899 71
7094 12352 142
10566 5438 35
397 5779 29
2033 11843 3
10803 9965 54
10419 12740 113
9825 14537 142
5697 5709 60
4327 2675 95
9440 1421 82
349 5493 149
4442 5709 43
8713 7826 29
15748 2675 95
353 4208 45
6785 2353 88
13408 4704 35
10734 13914 155
11597 9272 169
13659 15064 161
162 423 142
8572 1087 36
2758 6601 140
4996 4676 102
12743 9718 27
9825 12184 103
10324 8093 95
15149 4945 82
2392 14891 104
14304 11112 18
7315 7659 7
2034 11423 43
12715 5709 171
12818 6710 18
950 11112 18
1477 2675 7
10295 12452 117
966 2675 95
12255 15060 149
13570 14178 119
7366 5838 0
423 12797 144
15673 5582 35
4287 7471 95
8342 9794 5
6988 12705 158
14689 6601 149
9615 13447 18
916 15523 158
2282 12671 114
15614 8748 54
14812 5108 82
15129 8582 78
8548 4841 161
6750 13356 15
485 15461 91
1046 11112 18
10267 523 119
13742 13171 3
4197 13198 82
4548 11112 18
10385 10898 175
13694 6710 18
14589 11112 18
2878 5709 60
7390 7826 29
6239 1829 103
6586 14335 166
11995 5010 95
5457 1829 142
15349 8460 166
3026 12973 161
13138 4208 45
10663 13198 7
4760 10647 36
15000 6488 117
11184 7390 109
8996 14916 18
14909 832 161
4260 8320 70
732 1829 142
15747 9512 29
8531 3721 95
8791 11112 18
4079 3500 46
11114 2675 7
12084 2675 95
1458 15208 29
14089 5709 43
8108 1501 151
13879 1577 159
8682 2675 116
15540 2675 95
6123 4456 179
3258 5493 149
6264 13914 155
1289 14309 126
3719 1948 158
14247 5709 60
8285 13927 109
9663 10041 53
360 14555 35
13794 6710 18
11537 13938 5
10671 11738 35
1217 13198 116
6956 3186 149
1076 7140 15
14639 9823 161
6807 2675 116
1209 7195 158
5810 11423 171
15419 11112 18
2099 13447 18
14081 2675 116
6937 7924 149
14595 9338 119
5852 5709 43
1966 11252 117
4398 8537 18
14506 8108 82
3951 10256 149
2107 12352 109
2442 2675 7
15204 11112 18
7801 2675 116
7734 11112 18
4579 13288 161
9701 9409 126
1968 11112 18
8623 2675 95
13981 2675 95
12663 5709 60
4032 2675 95
570 11966 7
4592 5709 43
14784 14119 7
6258 2675 95
2152 1512 160
9777 2808 54
13528 10758 71
10324 3891 164
8132 13183 27
9963 2675 7
12284 88 60
14733 9207 149
12588 14309 126
6297 9338 43
9911 2675 116
8753 12899 71
2375 1211 103
12139 3831 47
6216 5709 43
10400 8234 161
744 13083 116
10678 11803 103
8250 8128 169
6001 12015 78
1762 1573 149
1374 10140 149
10632 6433 103
2343 2675 95
11685 6411 15
7231 6710 18
11680 2045 103
9240 2675 116
6021 9384 7
7360 2246 161
1776 5709 99
13703 14119 7
15029 13352 126
5076 9794 5
5307 5010 7
12673 10560 117
7391 66 7
3044 2675 116
6139 11112 18
7891 10057 161
5268 5010 95
2136 363 162
13357 6242 102
11270 5709 43
2974 15329 152
12822 5709 60
10553 11112 18
7298 7412 149
5564 10894 160
8192 14460 103
8455 11891 117
4137 8232 109
10507 3879 116
12223 11909 117
15452 5709 43
9799 6917 158
5785 3821 116
12432 6710 18
15506 11455 117
14052 5709 43
13821 11112 18
12887 3146 18
11288 11151 99
513 14713 161
13071 11915 158
12439 14178 99
6528 13009 111
14553 13447 18
15164 11112 18
9494 12632 126
8206 5010 7
5222 2675 95
5015 2675 116
10987 5709 43
4704 10144 149
8748 5709 99
12048 10573 117
3830 4945 15
2406 1421 82
13746 6710 18
5016 2045 103
973 2675 7
3393 6710 18
5528 9647 149
11986 11112 18
14880 5709 43
13672 2736 103
12969 2675 7
15681 15039 158
7813 3821 95
8116 11112 18
10001 13171 3
4234 8748 82
8334 13070 70
12492 1974 158
10071 6488 117
9734 12352 103
11395 2675 7
66 5036 53
14423 14475 47
8443 2675 116
4553 9794 5
10949 15772 3
3604 4009 149
8234 14517 149
3807 8352 149
11448 9186 109
13245 14479 159
7383 11269 103
6866 5817 74
13508 14482 125
14714 5826 149
8192 2675 116
5059 5926 70
3892 3987 70
1042 14771 29
979 5709 119
10968 5955 18
9128 6868 54
371 3102 142
5689 4945 102
9103 14180 7
8302 2675 116
11049 2675 116
14125 13198 95
5106 354 18
6953 3309 70
9054 1421 84
6360 7342 117
4031 5709 118
6845 11112 18
14007 5709 43
14944 13571 74
13353 13083 145
797 4115 149
15779 1252 55
2278 10914 102
9612 7682 20
1724 12256 70
13198 11715 176
1237 2675 116
13071 2675 116
12466 6283 149
10642 1228 7
128 14599 103
8133 4566 103
14929 11607 177
9438 11112 18
6412 13171 3
10829 9810 78
12945 4945 82
4831 3859 35
15720 13613 54
4648 2675 116
6206 14717 7
12875 4495 82
15310 4945 149
12176 2675 7
4377 9892 102
15331 6710 18
6406 11357 142
12726 9674 78
6530 5709 43
2449 9718 12
14639 69 74
14756 2675 95
3779 13650 149
15331 7264 142
7546 4945 82
9921 6710 18
2758 9634 18
2409 12352 142
10761 2675 95
4413 4563 103
8959 11112 18
5580 1929 125
11607 11112 18
10911 5010 95
7479 5709 43
15406 4786 125
2119 13778 177
3060 14809 166
10606 15165 117
15586 3336 103
8405 12565 53
13079 2675 7
13732 13843 161
3502 2349 99
11776 5010 116
14724 2675 116
431 12321 54
8843 10074 169
5902 3722 109
3866 2675 95
15776 4064 102
11883 11781 5
13752 3891 164
11434 1265 74
13253 13171 3
1724 4873 74
1526 2675 116
5567 10369 158
3949 1187 161
7727 3013 161
4381 11762 7
15187 14628 149
6316 2675 95
11837 5010 95
525 10012 109
14073 1974 70
243 11112 18
1433 2675 116
9849 1421 54
12538 4621 15
7785 4489 103
12816 6710 18
6450 2675 95
3803 11112 18
15195 2888 35
1724 4495 82
12730 5709 60
8445 5010 95
928 5709 43
8620 14499 158
7779 8399 117
7936 9920 117
9393 5010 116
1884 12352 142
11123 7427 149
8173 793 7
1213 14294 53
8843 12978 158
13730 1421 102
8818 2675 7
5494 1421 82
11016 11966 116
9124 3891 164
6849 3879 7
5632 2675 116
5338 7575 18
14133 11113 60
2019 2675 116
4623 10341 117
12353 2675 116
13291 9673 47
2042 2675 95
5680 5186 84
4244 2868 27
6741 9381 27
6065 11112 18
15535 1087 36
11391 2675 7
6773 5010 116
4103 14964 7
12494 13445 149
5054 2675 7
10613 6242 82
3215 2675 95
7845 4654 68
6099 8194 54
9844 5709 43
6946 6710 18
9787 2675 95
11363 2675 116
4268 11112 18
198 11113 60
8039 9159 70
11412 151 35
14496 8267 82
2464 7910 84
9438 6242 159
12731 6710 18
807 11112 18
14625 2675 116
2014 2675 95
2659 10144 149
11044 2885 15
5723 14562 18
3248 6710 18
5730 1761 29
13798 6710 18
15149 2675 116
11531 2675 95
15 9617 7
13115 2186 158
13405 2675 95
2791 11764 70
7000 5909 15
4326 15296 7
12588 5709 60
10800 1421 140
6033 6710 18
10812 70 82
3948 1241 117
12002 15672 29
3540 13842 102
5424 2675 95
13934 3831 47
2931 10097 140
242 188 158
291 13171 3
13814 11966 7
14610 8537 18
12304 2675 54
6819 5709 119
8293 2675 7
6858 2675 7
9532 2675 116
9741 5709 43
13229 2912 70
1436 2675 95
12722 8093 116
9717 6710 18
4833 1776 82
14280 5027 26
4570 6344 161
3505 5709 60
9706 7723 15
15667 6752 142
10418 4604 18
8130 758 161
6997 11112 18
8313 13198 116
413 14954 140
9067 12671 114
8762 1432 158
4720 14907 158
4039 13056 18
3416 2675 95
15740 7250 74
14927 2675 7
9806 4945 15
3311 14423 82
10213 1265 109
15582 13447 18
15777 15777 7
14165 859 117
301 9673 47
4389 4945 102
10137 9774 158
345 6488 166
4893 2675 116
11208 2675 7
12411 6283 54
7188 11112 18
4707 14598 15
12150 11112 18
1804 14757 70
4904 3879 95
3158 5010 7
14312 5010 95
13336 2143 70
14873 2036 60
11653 2675 95
2534 2675 95
2824 2675 116
9194 7277 103
15272 5709 60
9059 12233 7
2133 13171 3
10174 2675 95
12421 5870 54
6303 5108 149
1457 4456 179
12951 3683 117
4873 5147 159
3337 8856 161
9173 5092 7
13686 14178 99
14898 5709 119
14907 3891 164
11950 14460 103
15785 4357 29
6280 14677 60
8139 13198 116
5008 4667 29
12591 2675 116
5680 5186 102
12211 5998 155
8494 12925 7
3683 7341 21
10664 841 84
247 2675 95
9148 2675 7
1172 2675 116
10017 1265 158
2050 5709 43
10777 1484 14
6865 3879 82
6920 13171 3
2393 9101 47
6583 7425 109
13114 13639 27
4103 1158 7
7175 10894 160
7567 5010 95
7126 5010 95
13332 5709 60
4371 7924 102
9484 3453 0
1688 11112 18
10445 4909 36
7336 2675 116
2779 2675 95
7531 15259 140
5653 2675 95
3999 9718 27
8017 2675 7
3154 2675 95
4960 6526 149
15752 14996 7
5902 9322 109
14290 13052 70
14879 8650 102
5457 8012 169
3756 2623 117
6666 11112 18
10840 8399 117
12446 6710 18
13880 2676 70
5902 4945 82
3472 5709 60
14502 11696 82
86 2675 116
9686 2143 158
8129 7826 29
8472 11112 18
15610 5709 60
15631 9919 5
14996 15752 4
337 2675 7
14015 15042 102
3778 2675 116
7296 66 116
621 11588 103
1164 1421 102
13107 2675 116
8003 2675 95
14070 2675 7
14060 4019 31
11381 11112 18
246 4185 102
681 5010 95
4057 7140 84
11047 7752 84
10461 14490 146
5362 2675 116
712 7692 54
2224 8086 18
812 4308 54
10356 2675 7
13402 2675 116
4214 11112 18
12718 458 36
8373 2675 170
11771 13840 161
5500 8464 177
7366 7501 56
133 4667 29
15689 7508 74
12699 7826 29
2272 5709 99
15406 11113 99
5051 9338 43
14045 5709 60
6348 5779 29
7361 5709 119
10140 2675 7
118 4208 45
5257 6710 18
2112 5709 43
14020 6186 82
289 8267 82
794 7137 161
6463 5027 26
7368 14730 170
4747 6242 149
8199 6925 117
14782 5135 7
11222 4044 54
522 10758 71
6828 6418 54
5207 12899 71
7258 5709 43
9609 7432 5
8914 6710 18
13402 5709 43
14071 11423 171
13732 11031 103
10893 11966 7
15435 12352 142
9554 13196 35
15150 9540 5
14337 3891 164
10154 13447 18
14700 13171 3
12988 5709 60
14675 9744 35
9652 10422 161
695 9117 43
12820 1851 142
7449 10840 109
8328 13056 18
9219 12073 158
11262 2076 104
1158 1158 7
3165 14178 119
350 6710 18
9081 2675 116
4 558 149
2857 66 116
12670 3423 88
12856 2675 116
7684 3722 109
14289 2675 95
4222 6710 18
1605 14158 26
4276 2623 166
4431 6181 109
1185 13786 103
6829 2675 95
14364 2675 95
12239 6272 43
