4252
1536 4265 41
6648 216 59
11104 3427 93
9785 12046 67
6421 10396 147
12399 2224 92
13136 8092 41
2674 12848 59
9851 4693 174
15016 1886 174
10505 9216 19
7480 2679 178
14180 8093 157
292 6549 41
4791 4994 59
9025 11887 41
15253 66 157
15037 319 41
12635 4212 174
6881 8197 168
12603 15722 131
3138 90 11
860 8717 157
1039 6225 131
3821 5092 156
394 10962 41
9463 13617 41
8360 4512 131
12743 3762 41
13424 6705 131
8577 216 59
51 4187 131
13200 3762 41
6012 13640 131
6463 11174 178
9260 6940 157
11638 9941 178
3334 12258 41
160 4487 67
7884 11596 19
3569 3422 131
9705 8092 41
2961 14667 67
12159 285 156
3219 13268 92
11248 1331 93
5004 14219 156
8001 14317 41
9868 3762 41
11174 5390 122
15540 8866 41
6742 7073 131
10179 13764 92
8871 13268 178
882 5710 11
5090 8737 59
12038 1195 131
13671 13002 59
810 4669 41
7564 3623 131
10660 2693 122
4789 7900 178
13608 14967 131
12619 11887 41
3485 13650 168
14350 8429 92
6656 10074 163
4431 6242 168
13575 77 174
1973 11887 41
2434 6467 122
6626 8044 61
14576 3762 41
5486 10382 37
9799 14483 131
10638 11887 41
12475 4656 59
5840 12650 19
13429 7376 92
5125 9843 92
860 10856 157
152 8092 41
3173 14629 59
15804 4403 131
15711 10854 131
261 13252 131
10661 5322 93
14169 12666 150
6242 13872 156
6683 9879 131
11904 8134 59
3091 5180 59
4327 5247 41
3595 4669 41
3433 1617 59
2576 2186 122
13824 12531 150
6718 13547 67
8444 2675 157
6092 14811 150
7919 14843 92
10291 12527 168
6010 903 156
5318 13739 131
13402 15815 131
10810 5247 41
3001 13690 59
101 3272 67
640 13527 92
8369 15370 50
7858 11887 41
10443 8092 41
9453 8688 41
15704 14122 92
14556 6431 19
12052 2305 92
13198 10853 157
11534 5560 131
7346 4669 41
394 5118 178
4170 2878 122
5983 13690 59
13198 15465 157
8249 14825 131
5559 8380 163
6152 10900 93
7769 3715 131
3902 12560 174
15293 1561 168
5796 1999 156
68 13617 41
6277 3427 131
14370 8674 92
4340 4669 41
14823 6464 157
1970 6748 131
6962 11912 131
12977 404 11
6474 2305 92
7785 14517 168
9809 14450 131
2274 1070 131
5984 12661 131
1782 462 131
1665 4251 41
12317 9941 178
9591 6153 156
13162 1421 168
885 1310 92
12994 9260 157
13887 31 131
11928 15215 131
12352 3592 178
3580 8410 92
10220 1469 41
7853 2576 178
14107 11185 131
7347 503 156
6438 1310 92
11431 2364 131
704 2348 92
5593 5324 92
7970 11664 131
7061 15170 174
12433 5423 11
6372 3958 122
8614 6657 67
1915 4269 131
12374 9216 19
15449 420 131
3103 8026 168
14287 10616 59
8250 9843 92
2092 8989 168
13198 7717 157
8565 14360 131
13199 235 131
7160 8134 59
12767 10943 41
6198 15632 59
9237 6622 131
12091 2022 163
5094 3331 92
12674 11195 41
12062 13872 168
5417 4669 41
1788 3623 131
6323 8008 131
4196 5638 11
14382 1366 59
8614 5217 67
7453 15343 163
12940 6021 67
3173 4646 174
14353 3586 156
13421 11887 41
5669 12325 59
4185 13613 156
8147 2630 131
6054 905 122
11053 3027 13
14444 1559 59
127 3783 178
2680 4945 168
3027 11380 157
1715 90 11
9423 10962 41
11883 10698 156
4070 8134 59
459 7881 92
3821 11622 157
14830 5875 156
3838 5217 168
12872 15610 131
477 4309 156
5919 5224 122
11490 8767 41
5092 2675 157
10183 4452 131
12274 9216 19
13763 11976 67
2285 10853 147
12442 8972 59
6559 9941 92
9984 8092 41
11380 2675 157
8054 1 67
157 13690 59
14409 3345 92
4012 5303 131
10629 11405 178
8700 8649 174
1991 4669 41
2796 8092 41
12527 11966 157
6219 14878 92
2906 718 92
9638 404 11
4725 5461 92
14756 13919 92
4413 6592 59
12510 10046 122
5883 11881 131
7595 3943 178
10627 5150 178
3901 8769 92
12147 3559 131
9418 11923 174
13148 9843 92
12161 4251 41
2651 4761 122
13373 212 131
4405 5520 131
13829 8092 41
8441 9843 92
4597 5531 59
13104 3636 163
8075 8866 41
3671 5247 41
10399 12376 92
9159 471 92
7691 4945 168
10538 3489 41
5373 404 11
14301 1410 92
8719 10136 41
2651 1174 122
4294 4438 41
2597 8374 92
8717 12335 157
15207 2429 156
326 11050 41
13392 346 178
6690 11887 41
1158 2023 157
3647 404 11
6694 4910 131
2753 11008 59
10918 12480 67
13894 10594 131
15230 11475 157
3080 11174 92
2642 8866 41
10577 8018 41
12378 3231 59
486 10707 131
6661 2224 92
10455 8212 131
5708 11050 41
3602 2224 92
10781 15683 168
10963 2224 92
14741 14340 131
14486 12590 131
2457 6857 67
10929 14843 178
2208 7164 131
4814 5302 41
350 7954 131
8717 274 157
6293 11868 93
7869 12743 131
5022 4265 41
12916 5302 41
12041 6878 122
14767 15544 92
5667 3821 157
5306 13077 131
12274 2023 157
13912 11887 41
10037 4858 41
15382 12420 156
3247 12070 150
9463 5302 41
10804 9303 156
6396 6937 131
1840 314 59
6185 2224 92
15769 3231 59
11506 12836 122
2651 3493 122
14389 7881 178
2155 10538 131
15038 9429 156
2948 8214 41
11484 3331 92
1478 4669 41
3066 5080 41
10489 13406 131
5757 10464 157
14439 8575 178
8113 14585 67
14718 10074 163
11692 3409 92
14720 13737 178
10458 5180 59
9411 8717 157
13065 6464 157
1561 11147 67
10569 11887 41
219 8233 131
3993 8134 59
3781 5247 41
3078 8086 178
7792 14843 178
4399 15403 41
5355 4142 131
3482 13705 131
2041 13677 59
7386 3762 41
14177 691 131
15610 9843 92
15247 9124 131
10631 3963 156
4114 13065 157
11995 10136 41
2169 8134 59
2388 5071 41
5372 7376 92
823 5302 41
11660 8587 59
2810 2224 178
5143 14128 67
5498 11887 41
2706 8546 131
10127 4251 41
5881 8134 59
11068 15545 131
11381 12879 150
14289 25 41
3817 12002 131
6525 5630 41
12435 8444 147
12398 4273 131
7396 13268 92
8935 13173 67
5967 2569 174
14269 13690 59
10151 404 11
6974 11256 131
26 11900 178
14278 8312 168
6297 2305 92
15627 2311 131
5673 11037 131
8987 14835 92
11783 11548 131
12088 11158 122
11883 1158 157
13337 13833 67
2127 12749 168
5014 13250 163
10141 7348 131
7510 8674 178
13627 5247 41
6160 5055 59
15160 12460 131
10357 8214 41
9513 5181 131
14484 10068 67
10778 12874 67
8165 14843 92
1159 8134 59
2563 12659 67
8647 4968 59
1023 12274 157
10163 14823 157
7917 6225 131
2657 14851 131
15676 13453 131
15451 8134 59
12816 11900 178
6430 1647 156
5859 11050 41
4187 4669 41
12859 216 59
9521 14281 37
4595 3568 59
12332 8717 157
8989 2675 157
14180 5757 157
10231 5160 92
379 8895 131
6990 216 59
13847 8267 168
3822 10223 178
10445 6822 92
3580 13617 41
5673 8312 168
14126 11923 174
183 301 168
1069 12485 92
4595 8497 131
5747 3762 41
50 4858 41
1290 10136 41
10083 4669 41
907 130 131
14468 5497 156
6916 8508 168
15544 11509 122
4335 9902 131
675 11361 131
9053 2976 131
2929 8329 59
7794 13677 59
6683 3773 131
3896 3779 131
10843 10848 156
2213 1024 131
14371 4269 131
14047 8989 168
15277 2824 59
14675 14959 131
4372 6094 59
3119 12998 131
12 3747 122
14509 7810 131
6800 1310 178
6188 649 131
427 13268 92
633 8092 41
3877 11923 174
11874 14338 59
7221 2552 178
5149 3943 178
12206 10746 178
2558 1507 131
1726 11517 131
9663 13513 157
11288 8717 157
13417 8767 41
7789 9411 157
12840 14596 131
8272 11887 41
2138 13268 178
9513 9843 92
3656 1320 178
2011 5049 174
13107 448 174
997 15173 131
12101 14559 37
13770 1310 92
1320 9308 122
9253 9941 92
2584 1656 41
8484 2799 178
4202 2125 59
10957 9705 131
833 3762 41
7725 6674 41
5322 3762 41
14185 3602 131
14556 860 157
11737 1757 131
13346 3780 131
1371 7376 92
10568 3821 157
9206 2224 92
1375 12480 67
14361 2305 92
5463 14122 178
6198 3489 41
8277 13745 131
3556 3762 41
4043 4150 67
13126 9141 131
12458 10136 41
1811 10568 157
13700 193 156
5919 2480 122
8302 2224 92
14238 13782 92
11940 13268 92
10448 10136 41
12380 6438 131
6420 13895 131
727 849 178
711 3156 92
15538 8674 178
11053 66 13
14130 14889 131
11766 5599 150
13203 11050 41
9785 4945 67
12055 11050 41
2674 7954 131
8598 10136 41
9891 13173 67
7135 8246 131
4556 13690 59
3062 13690 59
2903 8461 122
715 10136 41
9410 12258 41
13525 404 11
12088 6536 122
13896 3548 59
5203 13129 131
6749 404 11
4495 8890 156
756 11050 41
14881 9941 92
14381 4251 41
5114 8092 41
3249 8866 41
5333 12647 131
11109 13198 157
5174 9843 178
333 8092 41
10576 7900 178
13605 7007 156
592 319 41
1705 7066 131
10032 11887 41
6915 4669 41
2560 4185 168
7616 1366 59
11014 14878 92
12876 130 131
3519 3231 59
11812 182 168
2063 7810 131
15144 14835 92
5167 14317 41
12791 573 156
3975 1094 59
2777 11887 41
10094 15590 156
11406 5180 59
5028 10962 41
5085 11050 41
6381 476 131
3091 316 59
10163 14730 157
9734 15009 131
5992 13079 174
5346 3762 41
1308 13730 131
12478 9313 131
1 11398 67
7742 9892 67
9241 7850 174
3923 6354 131
2792 15683 67
2318 511 67
2724 3264 59
10785 8866 41
8677 13617 41
2328 3153 92
12460 11887 41
672 8134 59
4695 3762 41
14476 5247 41
10309 6698 131
12347 3715 131
11498 5302 41
10833 1656 41
2477 8134 59
13204 316 59
2963 4877 67
3822 6375 178
12527 1158 157
394 10223 92
1688 13435 59
11047 11500 92
6552 2967 41
1373 6431 19
2221 316 59
9785 14858 67
13563 14878 92
1443 8092 41
12201 3762 41
3162 4994 59
4086 4067 11
12808 15403 41
9909 4966 131
301 66 157
4906 13440 92
6770 13273 131
5500 133 93
114 1832 59
4705 13268 92
5529 8092 41
10448 11050 41
787 3353 156
9053 11619 131
10266 4968 59
4975 457 131
3907 8214 41
15655 10943 41
11880 13164 168
4579 5210 131
11933 687 131
12152 15683 168
10988 11385 59
8565 14122 92
12026 404 11
3706 3307 67
7312 14759 131
1690 2178 131
2116 10362 174
11457 6242 168
4855 636 156
6058 4945 168
4564 4669 41
1909 8134 59
4621 10685 67
6181 6549 41
13867 13524 59
10702 3537 133
3749 6823 131
4465 6094 59
14457 3762 41
3975 13617 41
8391 12364 92
3630 7462 67
3522 4652 19
11976 10991 67
8332 7882 122
285 7473 156
6678 2224 92
13036 5180 59
15166 13198 157
13821 1832 59
3110 9843 178
1926 7376 178
12973 10943 41
8115 10616 59
2393 10464 157
3765 6561 59
2293 8134 59
449 4520 131
13202 3027 156
5878 8737 59
2134 7519 131
8163 15042 168
11520 13291 156
9241 90 11
57 8767 41
11750 5028 131
5565 7610 131
1924 372 157
12790 7789 157
7659 14730 157
8922 9843 178
4844 3345 92
10172 15720 156
1940 12158 131
13936 13619 174
13341 301 157
4043 1375 67
461 13617 41
89 5302 41
15189 11681 92
3941 8459 93
10535 2665 41
15619 11887 41
3879 13202 157
8610 1450 174
6354 8092 41
9772 7958 131
8499 11887 41
10309 14985 131
6211 2305 92
14337 1817 163
2899 8649 174
6655 378 41
10464 13202 157
8230 14835 92
13209 5412 131
5460 5247 41
5363 6171 174
874 3083 131
7749 2461 131
7691 7982 59
9721 5828 41
8436 13563 131
540 2436 59
4075 1945 131
4424 2224 92
9851 3354 59
5481 8952 92
20 8092 41
1622 2224 92
6058 2416 131
298 522 131
15264 8134 59
14119 5441 157
15296 4114 157
12356 14122 92
8335 13650 168
8093 293 157
6962 9059 168
7523 11977 131
2789 8134 59
1419 14629 59
14564 316 59
13686 8717 157
14993 10798 59
14730 8717 156
14420 11887 41
7176 3425 92
8055 14122 92
4741 11887 41
8990 13418 131
2345 15328 131
7829 15236 131
10073 9040 178
85 9212 131
4242 280 50
15797 14843 92
14607 1766 178
7140 8343 156
11339 3868 93
1736 14835 92
780 11542 92
9562 1310 92
2903 714 122
15434 1310 92
12058 13434 41
5606 5247 41
11074 4669 41
6409 1310 92
9258 8783 156
14503 10136 41
3248 1053 59
10048 14122 92
5424 12300 178
9874 5180 59
1294 4275 92
1474 3231 59
306 2679 178
5920 11506 178
12480 10991 67
2041 13690 59
8132 11576 178
12484 15454 131
12174 4482 41
5298 8092 41
701 10083 131
8093 301 157
11662 12676 131
2321 11887 41
7428 15492 131
13959 11335 131
5092 2365 157
12385 8717 157
7627 5423 11
7171 1832 59
2874 13259 41
15034 483 131
12290 8315 131
838 1507 131
3522 5780 178
10853 7659 157
6634 8026 168
9551 5317 157
10130 5719 59
3569 8497 131
5674 11638 131
12439 301 157
9937 9708 67
1067 10780 131
5441 7789 157
4639 14735 131
5785 8834 131
3323 14878 92
11582 5792 147
1992 660 41
11194 4251 41
1205 8425 131
1999 5796 156
3839 4083 122
11800 13613 168
2973 11887 41
13872 160 67
10050 14399 131
12915 5332 156
372 15494 157
1158 15163 156
7294 11576 178
10660 6043 122
15028 12620 93
6934 5389 11
459 11176 131
2607 7981 67
5170 3994 92
11766 4521 150
15289 14103 92
14257 11314 131
2922 8935 67
13306 2684 131
1809 9519 67
14193 5816 67
12271 2224 92
5438 8769 92
12816 14835 92
12230 11795 156
7658 2305 92
4743 11887 41
2625 14542 92
5306 7188 131
8120 8267 168
9591 14139 156
7180 8767 41
2082 15462 131
11985 3999 131
14458 11363 92
3564 11887 41
15696 10833 93
14600 3785 19
1745 11451 92
7621 4669 41
3456 6252 67
13001 4185 168
9629 1310 178
2063 2919 131
4069 14690 178
2906 4165 178
12556 12793 178
8271 13052 131
2586 13534 131
11874 8587 59
13107 1832 59
11744 5055 59
14851 10943 41
7901 8134 59
14132 4353 131
10455 13677 59
3454 13210 131
11329 1656 41
15691 5534 92
6910 3568 59
15076 5302 41
1407 1310 92
13114 4858 41
12822 8092 41
6538 9223 131
1314 8958 50
15732 11642 131
8318 5055 59
3839 14552 122
12223 1310 92
3601 14593 131
5786 13460 178
2772 5972 174
12097 3345 92
7924 10685 67
8935 10085 67
13336 14835 92
8804 4251 41
11865 8866 41
12620 4181 41
5755 2457 67
15725 228 67
10994 9029 19
12758 8554 122
8613 2224 92
7825 2966 131
12611 5055 59
7809 14117 131
8994 3331 178
8246 3839 178
66 13585 157
12143 12050 131
4196 11050 41
3370 9941 92
5399 14964 156
618 7054 174
4725 6751 92
11930 1556 61
4345 102 131
14741 4824 131
14132 1704 131
7124 1164 131
9423 404 11
556 8134 59
5034 4852 67
8955 5638 11
8588 7530 156
10373 3041 122
9475 5716 131
8108 15352 67
15510 1450 174
609 3627 178
136 3331 92
1106 3783 178
2473 5247 41
2750 3571 131
11796 4181 41
11001 1291 93
10429 6446 122
12439 8138 157
10853 6940 157
4386 11622 157
13249 11887 41
7761 14122 92
2993 4972 174
9327 6561 59
2479 3345 178
15072 9143 67
3442 15031 93
14284 2224 92
14171 15251 131
100 351 67
1115 124 131
5559 23 163
12223 13961 178
14180 9411 157
12502 11034 37
12527 10079 157
7771 7188 131
7642 4858 41
12366 14866 156
3647 11887 41
2675 7698 157
11968 8432 11
6769 12880 174
12039 12405 131
5611 14338 59
9303 9965 156
7531 1832 59
12574 4251 41
1210 2113 19
12336 8688 41
14749 14878 178
1112 12795 131
12363 4669 41
10920 3999 131
1658 13118 156
1605 13677 59
12649 10188 67
9545 13351 131
13460 10434 122
11344 14122 92
8304 2056 147
8246 8410 178
3505 11887 41
9190 6645 131
372 6686 157
13035 5247 41
8630 8134 59
8120 476 131
5274 246 122
5339 3762 41
11248 9040 178
11951 4181 41
11220 15715 156
6851 13381 156
2269 4818 131
3941 10735 93
6247 6615 122
14006 161 156
782 6674 41
3720 5247 41
12985 7436 131
8599 12355 131
7191 8134 59
6984 8092 41
9186 25 41
3535 7900 178
14556 4114 157
14795 4968 59
15782 4669 41
15464 1310 178
1798 8917 157
6615 8092 41
3314 14669 178
11736 6549 41
7336 11008 59
3767 15003 131
11340 5049 174
10508 14032 156
15430 14629 59
10464 3879 157
6564 264 174
12480 2205 67
6247 4643 122
8771 3657 67
524 1008 131
12459 10660 178
520 5497 156
6761 13268 178
1844 8769 178
9462 8737 59
2373 13077 131
9411 7044 157
8728 11923 174
3521 7221 131
8444 9551 157
4901 3489 41
5048 3762 41
14237 13912 131
11670 14517 168
4705 3568 59
9496 3783 178
6910 2966 131
6666 4858 41
2903 5201 122
8578 13268 92
9785 3376 67
11218 2808 156
6109 5071 41
1169 7720 131
5896 463 131
10130 404 11
3588 3345 92
867 13872 168
3672 15369 131
10464 14823 157
245 9155 122
8438 404 11
6965 2224 92
4576 8767 41
8277 14835 92
7574 5247 41
14980 15403 41
10337 7178 50
489 6804 163
14566 4184 156
4294 11887 41
2928 2224 92
2634 13617 41
7044 372 157
1782 10052 131
10792 245 92
15156 14878 92
443 9286 156
3370 3345 92
6593 4251 41
8672 8134 59
8081 11887 41
13686 2675 156
5373 8092 41
5010 3879 157
11955 1366 59
11497 3796 131
9300 12527 157
6679 14835 92
95 2480 131
12454 11050 41
3090 1404 59
9622 7358 178
7094 8535 131
14229 14967 131
3400 12659 67
3009 8459 131
14730 8717 157
15174 14854 131
1192 5170 131
14732 12477 131
8812 346 178
1842 14263 150
8140 6827 131
8443 13677 59
7658 8717 168
13590 8674 178
8579 14835 92
3385 1310 92
3371 5578 93
5240 5021 131
15070 1469 41
8061 6354 131
6798 10817 131
3020 8092 41
3567 660 41
12390 3245 122
14439 11887 41
14190 9434 61
5092 14730 157
1228 8093 156
1390 15766 156
8346 9303 147
111 8092 41
11001 14176 93
12075 3331 92
11014 1805 59
8935 8054 67
11509 3425 178
2243 14848 131
4399 13527 92
5696 7610 131
9596 8674 92
13709 7610 131
14538 3568 59
14996 9216 19
6882 13665 93
5763 8737 59
15696 1861 93
3651 4251 41
5673 14967 131
539 5638 11
7590 3504 37
14337 4798 163
8926 1310 92
13535 90 11
7573 11008 59
12916 404 11
10519 5000 67
14128 467 67
6746 3762 41
8977 15406 156
13198 3610 156
14143 10085 67
5902 14835 92
15114 3716 156
7010 12249 131
15520 13268 92
2791 8737 59
721 2665 41
14966 4486 59
8534 4669 41
3408 8329 59
15355 5295 131
4322 3324 92
4878 8866 41
12455 3762 41
14733 13617 41
13065 860 157
5733 11052 131
15667 11008 59
4361 5493 168
13418 3345 92
2216 8138 157
12071 14843 92
14295 8092 41
3708 8525 131
12124 11900 178
14704 8737 59
11115 4251 41
8437 404 11
12515 7041 67
2115 7859 11
11288 10853 157
11014 8092 41
15463 5036 19
415 9843 178
4022 14122 92
1357 3225 131
11897 11008 59
8948 10088 131
8924 11405 92
11949 5963 92
8966 11008 59
13785 15042 67
13613 13224 156
14965 4669 41
8736 8910 156
8717 7698 157
13480 14835 92
5840 5441 157
15451 13268 92
4417 13889 156
10777 7619 131
8447 8688 41
12026 221 174
10883 1310 92
13277 7767 131
2179 8092 41
12666 280 50
5013 3078 122
13244 13745 131
10839 13970 131
13645 1656 41
4802 1817 163
11041 25 41
2819 1310 92
13767 2200 131
8807 4314 156
15664 11970 131
6140 14514 131
15268 4870 11
3874 13677 59
1569 245 92
9493 5999 131
8202 8134 59
3141 6242 67
12021 8267 168
6820 15225 131
4398 7188 131
2956 1094 59
14179 15465 156
3821 14717 157
5296 11887 41
6768 12717 131
10681 8866 41
3698 8214 41
114 11385 59
8601 11576 178
15286 10943 41
11155 6821 163
7361 1225 178
9663 6150 157
12390 12445 122
7756 1421 168
301 13886 157
3993 14122 92
2704 7421 67
4995 1766 178
3708 7971 131
4588 4747 131
11168 3078 131
2750 7073 131
1688 1094 59
12090 14629 59
14403 11050 41
3751 5822 59
2848 2305 92
4462 13690 59
13078 6242 168
8129 5302 41
5020 11050 41
2956 9769 174
8766 319 41
7077 13317 67
6502 8065 131
12836 5273 163
10853 8444 157
8989 11475 157
15570 15712 61
14191 12774 59
6224 9888 131
14576 11887 41
741 14597 59
9190 12976 92
12518 4018 150
7034 3345 92
675 2516 59
13873 5049 174
11405 10289 122
7266 851 122
6692 8717 157
2417 10646 41
12694 8688 41
8108 3376 67
8993 9843 92
11179 15663 131
9541 8134 59
8319 90 11
9147 1732 131
4308 10216 156
14119 793 157
11475 12527 157
14326 8866 41
7804 3097 59
10774 316 59
8246 11433 92
12986 3762 41
13924 4249 41
15658 7064 67
13170 13065 157
3593 3762 41
14180 13198 157
13758 11710 122
13071 30 59
12597 8322 131
15050 11900 178
11637 13677 59
4660 10943 41
10852 11860 131
13125 4669 41
12403 7376 92
14139 14925 156
2432 8134 59
7176 8776 92
12586 8681 131
11475 9089 157
5814 5049 174
539 13268 92
6802 14835 92
4152 15632 59
3087 4087 131
12527 66 157
3719 14592 131
13143 8628 150
15465 10163 157
15029 10841 41
6519 12457 59
11430 11887 41
14181 12464 41
3871 7445 92
15302 2961 156
9 15590 168
14730 12527 157
8217 4968 59
12514 8092 41
8568 4945 168
718 6439 122
14249 6795 59
8407 11887 41
12876 14122 178
15687 3568 59
6901 1755 41
295 1177 131
14371 8952 178
13105 15370 50
6465 1320 178
7554 372 168
11659 11574 93
9554 6561 59
14313 2224 92
12811 8815 92
11330 14835 92
9186 1310 178
7687 101 67
6198 404 11
1785 7103 131
226 9941 92
6745 15786 92
3839 9813 122
2796 5247 41
5010 7473 157
15371 12249 131
7074 11900 178
8502 13460 178
14179 15230 157
15551 11792 131
8373 11887 41
15786 12513 122
11017 4991 67
11277 14457 122
14290 14835 92
5277 8092 41
8969 8092 41
2483 6266 41
8933 25 41
11609 6913 131
12620 4669 41
668 9061 41
8794 3783 178
13953 11887 41
3682 12799 131
5968 13690 59
5671 8499 131
6196 3331 92
10286 4251 41
3350 11606 178
9365 2224 92
2119 11900 178
15183 11976 156
11645 14122 92
4267 4251 41
4132 11502 131
13802 404 11
9053 4050 131
5275 12848 59
4151 8769 178
3962 8092 41
10540 8092 41
10025 11791 156
2685 2224 178
14842 7698 13
8133 6242 168
4436 15459 19
14530 1174 131
3846 4251 41
6735 750 93
4410 7178 50
1041 11334 150
14047 14517 168
10412 7174 59
11263 11804 131
13199 11401 131
13208 8413 131
2675 12439 156
15750 13690 59
8861 404 11
11896 6715 131
9804 11352 131
12274 4816 157
5207 12759 59
7717 11596 19
6437 4251 41
8606 7376 178
3786 11887 41
7256 4854 156
10878 404 11
13223 3647 131
3173 2708 178
1640 7758 128
2196 6822 92
2703 11114 92
13198 7335 157
12039 7011 131
11129 8134 59
15760 7866 131
2628 4251 41
1620 5302 41
12620 13617 41
3417 9893 131
5311 6324 131
4663 13604 92
1380 1625 131
1290 346 178
2794 14026 131
9439 13690 59
845 10636 131
561 13888 156
12790 2113 19
1502 13252 131
695 12637 131
15042 3307 67
10163 1228 157
6686 372 157
1209 4480 131
13318 5766 122
956 1238 131
2347 1421 168
2560 483 131
5225 404 11
2130 11887 41
293 5317 157
13535 4968 59
2591 815 178
7219 15313 131
2508 8092 41
6543 5302 41
4087 9843 92
8445 9205 174
9936 12325 59
15376 11887 41
10131 8134 59
14856 11338 59
12754 11998 67
6322 9214 67
9974 2573 156
5671 11927 131
10004 8737 59
9044 3669 131
10740 14317 41
15566 4009 168
1660 404 11
14925 14866 156
3318 8134 59
2243 1310 178
12814 15329 61
15696 14594 93
8391 6455 92
8437 1886 174
3194 5727 156
14879 10943 41
3761 4693 174
9924 10348 131
11228 1507 131
8967 4761 131
15036 7811 92
2832 10914 168
522 8429 178
3147 99 156
3859 12258 41
10786 6138 178
15810 2305 178
6355 15608 59
8978 15448 93
14506 8737 59
5130 4251 41
2163 10488 92
10400 14517 168
15164 10136 41
4040 11433 92
9629 2224 92
6525 14061 163
4574 3905 131
9107 11441 131
11593 9149 131
4177 8687 131
3275 8866 41
8373 9139 150
9688 5247 41
5696 1370 131
13088 3345 92
13752 12191 178
12737 11474 163
9639 1732 122
11407 8737 59
4371 2959 163
3641 13690 59
1172 10398 131
5449 11311 59
9785 4066 67
5348 909 131
15523 8688 41
1871 280 50
9624 8674 92
7523 14949 131
13341 5121 157
8519 8769 178
10665 13912 131
13976 13044 131
66 13513 157
2923 11364 131
11686 8016 150
5402 14894 150
15296 8717 157
4377 10943 41
14700 8747 150
12480 7981 67
4962 14122 178
13249 4994 59
15463 11966 157
818 10136 41
8772 2305 92
1322 4185 168
8313 7708 131
2963 4852 67
5124 8144 59
15016 90 11
9936 5302 41
12101 9327 37
10185 11050 41
9663 5317 156
12707 7954 131
2499 12035 131
13311 7758 128
6247 11544 122
3787 5247 41
9353 12803 131
2434 3211 122
4165 8969 122
14190 9139 150
3041 4778 178
15471 2245 131
2456 15339 131
7246 2305 92
3828 7064 67
11080 10836 122
2033 14965 131
1452 15312 92
7225 9328 131
5487 3133 131
4077 4251 41
5567 2455 131
9293 3345 92
8444 66 157
11607 8092 41
11509 15544 178
3734 5055 59
2060 6476 178
4350 13722 131
5089 782 147
10130 8341 59
9070 8134 59
14617 11114 92
11332 8688 41
13827 4251 41
14840 3786 131
9181 13378 131
10361 4067 11
4315 14878 92
11383 12236 131
14198 4669 41
8601 10545 178
3782 5243 11
6170 15197 59
3447 8134 59
9308 8086 178
10636 11887 41
11927 9843 178
15687 8037 131
11018 2224 92
4349 5259 11
9847 14878 92
1003 2348 92
9742 12015 59
15277 3346 11
5769 404 11
6002 10436 131
15154 11887 41
12422 4945 168
3012 2303 11
13396 3188 92
14831 809 11
11534 2810 131
4536 11887 41
7729 3425 178
12818 14843 92
12480 7223 67
3530 14362 11
2923 2163 131
8129 11887 41
7378 7283 131
6873 1670 59
13312 1310 92
5560 3627 92
7548 4968 59
2915 12676 131
7789 5399 157
1537 13677 59
7056 3035 178
925 2767 156
14409 13243 131
14252 8748 168
8249 3384 131
1787 15302 156
9774 14878 92
15633 8769 178
10130 217 11
13209 5224 131
793 9663 156
13501 11050 41
4092 4968 59
10873 14843 92
756 6482 59
12582 4945 168
10853 2023 157
6551 11114 92
245 13937 122
5946 10636 131
12838 14542 92
3988 14481 131
10784 9737 131
2082 14835 92
14538 15419 131
4285 9573 168
14190 1812 150
10024 350 37
13243 3345 178
701 476 131
12925 860 157
3879 11883 157
13514 3489 41
2393 4495 157
1716 2224 92
5026 10435 59
9616 11503 131
11454 8134 59
8977 6431 19
3732 1450 174
15807 13617 41
14039 195 131
860 11622 157
5855 11428 131
6306 4181 41
9844 3345 92
7798 2490 131
793 8138 157
8516 6561 59
10788 4181 41
6002 1992 133
14094 4968 59
9840 3324 92
13422 8688 41
15081 5638 11
11386 10636 131
8807 5307 156
12154 13793 156
9411 301 157
7132 12464 41
2141 1559 59
1308 15590 168
11603 8674 92
8812 1083 150
4945 2963 67
5415 13759 163
9486 1027 131
10925 1341 174
3486 12338 59
2365 3027 156
12444 8216 92
5646 9433 93
9215 3786 93
15016 10136 41
325 12482 122
13974 15026 168
13166 11923 174
13921 4275 92
13562 11419 59
7421 3400 67
12113 1122 131
8855 11481 92
3219 6439 131
2252 8945 67
12382 14843 92
10809 11114 92
1522 5493 168
10856 8698 156
6242 70 67
3598 4251 41
2205 10918 67
777 14825 131
6968 780 131
11277 9356 122
11950 5096 131
2439 13919 178
8912 3345 92
11378 1832 59
15418 15415 168
2586 8817 131
14538 2738 131
3199 11942 131
6095 13063 156
1290 8866 41
15503 1832 59
15673 8674 92
1951 2405 156
755 2935 150
9360 10403 131
10191 8092 41
12038 10420 131
10920 7757 131
2966 2224 92
7762 5776 92
7750 8134 59
8617 14327 131
13336 4945 168
1166 1047 131
10057 13268 92
14324 11292 150
8138 3821 156
10123 2480 131
12685 6944 131
14675 7082 131
15276 5247 41
9391 790 131
11297 4968 59
9677 8737 59
3258 1886 174
12332 3659 67
4787 1890 131
14718 2502 92
777 8737 59
2819 6242 168
8075 3783 178
15621 15815 131
3884 4531 59
4463 2679 92
6997 8086 178
7081 13268 92
4229 15556 131
1452 2887 131
9026 2224 92
12214 1832 59
6339 2799 178
9663 9216 19
9165 4438 41
7036 15370 50
15280 3825 131
8234 4251 41
3120 4669 41
2121 4251 41
14147 1046 163
3454 5167 131
5911 6871 168
10906 3762 41
640 3085 163
3477 13524 59
13198 10163 156
13571 5247 41
15767 14122 92
12635 90 11
819 8214 41
14586 13961 92
3374 4251 41
13341 15163 157
2499 2143 131
15630 8769 178
7760 7982 59
12285 194 67
3580 1341 174
11017 10847 67
19 7913 131
4384 11887 41
2265 8569 131
3767 8134 59
3691 5329 131
11883 1504 157
12480 4042 67
3571 8214 41
6748 11887 41
6352 11050 41
13609 13198 157
8508 14926 67
514 11050 41
7720 9759 92
10324 10136 41
8568 5694 131
13166 15197 59
14365 13268 92
11237 8108 67
5301 8674 92
11183 4405 37
9533 3943 178
7335 7698 156
6701 5302 41
11026 2681 131
5048 4251 41
486 14437 131
5224 1310 92
14840 2057 131
15407 11338 59
12483 4213 131
5128 4190 131
5644 6385 156
11186 8945 67
5807 8674 92
7077 14968 67
6589 11887 41
1228 15494 157
13433 1561 168
15671 4770 156
6745 11433 92
8800 12809 131
3747 12 178
12273 13690 59
285 10853 156
3702 5247 41
11056 3827 92
8989 15406 157
1661 6534 67
792 4537 150
4597 6610 174
13833 12046 67
5883 5324 92
8277 2305 92
6019 9500 37
9211 3120 93
14856 8341 59
5218 10136 41
5262 11887 41
8772 10994 168
601 9941 92
11916 14835 178
2523 6505 122
9289 4669 41
4259 10136 41
382 5578 122
7913 14103 178
5215 4165 92
1314 15370 50
11625 14835 92
1636 1609 150
39 12552 37
15424 9843 92
7956 1391 131
3700 5121 157
14457 8092 41
13377 7181 92
1776 3626 156
2023 12274 157
1640 11231 93
14996 1228 157
5161 8092 41
15626 8569 131
1023 14556 157
3933 10943 41
11676 10136 41
15543 4205 131
7245 13252 131
3674 8887 59
6705 9843 92
1383 10087 174
5217 15352 67
1096 11837 131
3873 2001 131
14473 11887 41
12784 8134 59
10333 11245 92
9089 3821 157
11106 2607 67
14250 11154 133
10743 13690 59
10026 2305 92
6421 8049 147
2811 6035 147
7741 11100 50
6071 8092 41
4816 9216 19
6439 2224 92
5723 6733 59
6471 32 131
7705 4126 93
8452 8737 59
9837 8063 59
11790 4251 41
2457 5755 67
8717 10280 157
4645 11887 41
14757 7900 178
199 9320 131
1706 1116 131
3087 216 59
5919 5743 122
12535 372 157
13065 7473 157
7658 7500 131
15264 9311 131
14676 5247 41
9639 12493 122
301 2675 157
13202 1158 157
5092 3879 157
8304 10562 147
14320 2348 92
4784 3345 92
8813 8674 92
14143 13164 67
8850 6733 59
1016 11887 41
15742 3664 156
5560 3324 92
9370 6565 156
10777 3063 131
9598 3151 133
11026 9941 92
13752 12464 41
10461 4273 131
1069 9759 92
12585 11923 174
1190 11114 92
9945 11163 156
2155 13268 92
903 7910 156
10326 13850 131
5396 316 59
8571 3220 92
4752 3345 178
12368 15042 168
15353 4669 41
9909 1863 131
13198 7789 157
12737 15403 41
8198 90 11
11785 8092 41
15036 2311 131
10556 14835 92
11609 303 131
9384 9303 156
2783 15286 131
10593 2113 19
7362 8054 67
15164 3231 59
2801 3097 59
12860 11114 92
11914 13833 67
15686 849 178
1660 13268 92
1428 5931 131
3580 90 11
2863 90 11
6819 6217 163
9694 13358 92
6666 8092 41
10051 11255 41
9795 14122 92
3590 12599 92
6406 2679 178
4444 2200 131
2973 3762 41
1769 15178 131
2903 7873 122
11464 8400 122
2295 3762 41
9226 13690 59
12722 8134 59
4102 7910 168
13071 10287 131
3303 15029 93
485 4669 41
678 2224 92
6533 12191 178
2245 5401 178
4754 5061 174
8436 5831 131
3692 129 178
5218 90 11
9499 8092 41
4431 7113 131
1226 12150 93
6170 8329 59
96 7900 178
2963 6186 67
819 9843 92
34 14122 92
2669 4009 168
8268 13617 41
5916 5180 59
6243 10616 59
7473 9216 19
10455 7199 131
3219 2461 131
9026 9941 92
14094 9533 19
12037 10691 178
10629 12376 92
4133 8206 168
4840 2963 67
7937 2305 92
8246 10362 174
10873 11114 92
2033 11373 131
5135 10299 19
7335 15253 157
10499 11693 131
365 9843 178
3641 8332 92
8800 11114 92
8311 6788 67
585 13613 168
1496 2216 168
5581 1070 131
1658 10094 156
9551 9089 157
8412 6529 122
10228 11405 92
1992 5247 41
15278 11932 131
6243 2224 92
10434 12464 41
9233 2981 59
6080 5071 41
5135 5010 157
12019 7335 157
13170 14414 67
11602 15403 41
13473 11887 41
8914 15157 131
1706 5908 131
7847 11004 131
15356 6838 168
2878 11887 41
12925 8093 157
12385 12439 157
5704 8729 11
7659 8093 157
15163 10079 157
2896 12241 150
1554 8737 59
3871 4165 92
5056 3345 92
7106 3762 41
11398 3360 156
1776 13118 156
5919 548 122
9145 216 59
2011 13259 41
14147 10545 178
2216 5010 157
14909 14385 131
7524 217 11
7397 4693 174
15740 15801 131
10582 5676 41
9293 316 59
6104 11887 41
8415 3220 178
2104 14567 122
7296 4087 131
11783 5693 131
3362 12925 168
8508 3776 67
9453 5531 59
9986 8134 59
13833 736 67
11616 4669 41
9271 1507 131
14171 2348 92
1840 8769 92
8192 14209 131
11819 3762 41
1204 2576 178
3443 4134 67
557 1978 131
7255 1404 59
8471 12177 93
12611 3489 41
3672 6207 131
2161 12616 59
4114 5092 157
8412 1945 122
13380 7859 11
5240 9843 92
7705 8413 93
5201 6247 92
4019 3879 13
13762 5638 11
5433 8134 59
8935 14270 67
10698 8717 157
5659 3959 178
14977 2734 67
13209 8737 59
14730 10698 157
13585 13198 157
13894 5694 131
2023 3821 157
6693 4531 59
4507 9154 93
6694 10590 59
15485 11638 131
15483 11892 93
1706 14843 178
13198 9907 157
11270 10826 59
5010 3027 157
10853 14717 157
7934 4968 59
11001 7433 93
9652 1132 131
165 13921 131
4877 10354 67
13329 532 131
9053 4085 131
11055 5531 59
9837 2224 92
5510 12073 122
11096 2224 92
12535 4386 157
1268 9411 168
11204 5805 156
13342 13785 67
12692 4676 168
10318 3231 59
285 11966 157
12199 11167 131
14418 4945 168
5689 3627 92
9551 14098 157
6264 8092 41
8736 8717 157
13659 5180 59
1798 9411 157
14874 314 59
10838 2711 41
9210 5247 41
8267 1000 67
8265 3220 92
13643 4311 131
8138 66 157
15769 14629 59
12382 9968 131
8272 3045 92
3442 380 93
12672 10374 131
3394 13440 92
1529 11405 178
6139 3943 178
6483 10853 157
6525 11887 41
1770 9198 131
8581 11900 178
12897 5247 41
9333 13224 168
907 14878 92
7717 13198 157
2781 3345 92
4462 3751 131
11189 2957 156
3967 11017 67
11927 4089 41
1640 12521 133
10490 9214 67
1385 8092 41
10242 11050 41
4462 1759 168
424 5008 131
11534 13898 131
2675 5388 157
10884 4251 41
12042 4251 41
9523 11216 59
6473 13617 41
1932 246 131
866 12793 92
2651 9712 122
10613 1781 131
7359 5243 11
6019 2274 37
6761 2305 178
13005 1886 174
8283 13070 66
12414 8676 150
14823 12527 156
3230 4968 59
14465 8674 92
13686 7659 157
13511 1722 131
3975 11433 178
7619 3762 41
15425 1310 92
13247 15207 156
12545 3331 178
7664 8674 178
6139 8432 11
14962 2761 178
12088 7465 122
4228 12325 59
9513 14485 131
3719 8104 131
5270 1880 92
10350 8043 131
3121 319 41
10018 6756 174
2375 8629 178
5729 5180 59
15000 4737 92
6054 5999 122
2234 9888 131
13886 12650 19
8701 15240 174
14744 4175 178
4700 3307 168
14179 2023 157
4973 11887 41
2279 8092 41
501 15801 131
6389 11887 41
3096 1400 131
9515 8658 131
7146 11887 41
11024 2305 178
3082 11277 92
9055 1310 92
3219 2679 178
4671 11342 131
2389 3762 41
9742 8866 41
6513 11008 59
6980 7728 156
2247 8769 92
3627 11547 122
154 12191 92
6519 11697 131
13392 6674 41
14076 1298 131
4497 11008 59
10743 2922 168
13777 15312 92
11384 3345 178
12659 612 67
2277 2679 92
2671 14122 92
9202 90 11
15187 15403 41
15194 8092 41
7130 1581 156
47 12848 59
2586 9703 131
7402 10660 178
6745 6763 92
1330 4669 41
8280 8092 41
12830 4089 41
11358 8086 178
2077 30 59
372 6431 19
5934 13365 122
4123 4669 41
10840 3762 41
13650 11237 67
11475 7473 157
13879 4669 41
9276 3707 156
7984 8649 174
12091 11375 163
10233 1556 61
430 7036 150
510 11642 131
14620 11887 41
7412 11575 156
12244 10483 59
12379 9912 41
6998 11887 41
5881 10590 59
1039 15686 133
12757 4531 59
2925 8026 168
295 14843 92
7050 10364 92
5407 11887 41
11165 13677 59
5567 14209 131
2128 8994 131
8499 2224 92
8310 2675 157
2675 2621 157
5760 3097 59
3466 4960 131
12743 346 178
13110 8925 93
8277 1111 131
3892 3020 131
542 5870 156
2293 10923 131
9905 797 131
3950 4250 131
6480 15470 131
5904 967 131
7398 11114 92
13088 8134 59
6632 7913 131
13326 13268 92
269 4676 168
5426 10143 134
11833 7178 50
12104 4968 59
459 15450 131
5253 11174 92
6774 10058 131
674 6247 178
9354 13065 157
14237 14122 92
15266 1439 41
12733 11008 59
4071 3345 92
4361 14835 92
8894 10817 131
483 3762 41
8005 15459 19
10907 2057 131
14834 2224 178
10512 13690 59
14239 8737 59
2875 2224 92
13708 13897 67
8212 14103 92
13202 5135 157
12402 2679 92
11637 8345 131
9520 5247 41
3739 11792 93
8987 14222 131
11315 8649 174
1308 7466 131
9886 13617 41
8509 2113 19
14370 9941 92
695 6561 59
7356 1544 131
12767 897 174
4084 12422 37
13191 12426 150
14230 7728 156
11978 14122 92
13623 7900 178
14190 1207 150
11538 6708 150
6938 2651 92
13460 14153 122
5873 12433 131
7119 12923 150
2399 4142 131
1098 11721 131
6525 10943 41
920 11405 178
471 13140 122
6598 346 178
7145 8767 41
333 11886 92
1023 13202 157
1266 11887 41
1373 3879 157
7010 14967 131
7853 8766 163
11297 5302 41
4536 1886 174
12439 4611 157
13313 3659 67
12795 4669 41
3370 10128 131
9391 9843 92
12016 10216 156
12664 2732 59
467 11147 67
11047 11464 178
5311 1866 131
15163 14119 157
10664 13919 92
13503 5302 41
5627 5562 59
5732 4520 131
8267 4877 67
5092 11475 157
7044 8444 157
5002 11338 59
1228 2216 156
8250 7985 131
7019 8092 41
14966 2310 11
1716 67 131
5048 8092 41
32 2552 92
7048 15556 131
13870 5222 131
4595 10450 131
5317 8977 156
688 5071 41
15151 15542 41
15070 1832 59
12462 849 178
6696 14138 131
5090 8872 131
9372 4669 41
3433 8649 174
5674 8134 59
4127 9712 131
66 14180 156
10764 9334 131
15447 3669 131
13383 10943 41
8555 4945 168
9297 5090 37
382 9950 122
5657 14835 92
6350 9941 92
3027 12274 157
5706 13613 168
1902 15115 59
5490 8092 41
15810 2224 178
14561 3345 92
10955 13677 59
4070 10532 131
15810 8674 178
11609 6078 131
2111 14338 59
15736 1122 131
11881 4251 41
15475 13752 131
10309 548 131
1616 5021 131
6150 7789 157
2491 8134 59
540 5638 11
4801 15026 168
1571 10297 93
2080 14317 41
2961 7067 156
11490 10962 41
3219 2305 92
6150 12439 157
2499 4085 131
4154 1475 156
6878 5247 41
4730 1310 92
5183 12693 156
12733 13921 131
3082 5213 92
7405 7719 178
11929 11539 131
11380 9216 19
15512 3345 92
11154 13456 37
2936 4251 41
8860 7985 131
2319 1417 131
8093 11622 157
15797 10287 131
15763 13919 92
15406 5317 19
3306 8649 174
4840 9556 67
3101 1310 92
9253 14165 131
11966 13341 157
11227 11887 41
13065 372 157
7747 8092 41
6019 2381 37
10917 7519 131
45 4669 41
9339 8408 131
12056 11099 67
4261 8134 59
6115 3594 131
13757 4438 41
1373 14730 157
3681 10164 131
1738 5630 41
15463 5583 156
9299 7022 131
14577 12659 67
2504 8134 59
9829 11926 156
2376 6431 19
2633 9216 19
13458 404 11
10413 10342 131
6389 13192 92
15739 12808 131
8935 2755 67
8758 5926 131
6551 3433 131
13378 5247 41
3113 5247 41
9493 5382 131
2228 2569 174
14521 11050 41
4345 8162 131
12771 3723 131
10373 2328 122
13377 6914 131
8283 2604 93
2035 7808 156
7698 1023 157
15394 15590 168
12875 10651 131
5274 9839 122
9652 6065 131
22 90 11
3041 5979 59
13165 5833 19
6148 3568 59
8717 4611 157
9248 2023 156
3126 764 178
14128 7140 67
2196 3918 178
13198 5626 157
3036 14843 178
10685 13858 67
4185 9282 156
15305 184 122
12628 11887 41
6501 1862 92
14107 5224 131
8220 13921 131
9904 2303 11
7127 8134 59
5382 11887 41
7717 14179 157
5497 3618 156
10260 8212 131
865 8868 19
867 15406 168
12587 13547 67
12846 9936 131
12832 11887 41
8826 2224 92
12918 2434 92
6539 6431 19
1176 1090 131
10084 10685 67
1109 8688 41
8862 11721 131
10305 4770 67
15457 11887 41
11743 3093 131
2771 6327 178
7223 612 67
3162 90 11
12921 5302 41
472 13617 41
4231 216 59
5909 12754 67
4816 2675 157
15700 14122 178
3377 8022 156
6404 4185 168
9637 11887 41
6090 2532 131
5963 12244 122
5135 15163 157
5417 11887 41
7005 1374 131
14856 3489 41
7901 12998 131
2904 12312 59
3306 7557 59
12994 10853 157
2075 14835 92
10288 2303 11
4351 9192 41
372 10321 157
4386 11475 157
10142 12018 150
15518 3412 67
5971 11008 59
8552 10362 174
2593 5531 59
6817 5370 131
2479 8648 131
2337 8319 93
8812 12487 178
5818 4858 41
3723 3762 41
10725 14843 92
7274 3220 92
1069 8649 174
15253 12650 19
8397 9592 41
3125 4239 131
1706 14843 92
2844 9551 157
6749 13268 92
14929 9007 131
3559 10223 178
8421 316 59
274 9089 156
12736 15099 67
1311 7690 163
1378 5401 178
4017 8432 11
8855 12793 178
12250 4251 41
7359 5302 41
6326 8134 59
1442 3945 131
1865 4251 41
14314 12093 59
10612 14122 92
3948 11887 41
12240 13937 131
10720 5638 11
11016 8134 59
7455 2224 92
15201 2772 131
8508 10918 67
15264 14968 168
12699 11481 92
4988 2389 131
9245 13449 131
6198 3663 59
13198 12159 157
15257 6692 156
8052 10286 131
95 8629 92
7708 7881 178
11951 10136 41
6250 8688 41
11636 10327 131
2295 12427 163
3879 5010 157
11676 14835 178
11165 7656 131
5024 1787 156
12875 7931 131
3317 3669 131
2495 13710 59
15277 10136 41
13840 3429 178
10390 8092 41
12887 6923 92
5928 12485 178
11361 11887 41
12486 9216 19
5035 9843 92
4492 3762 41
256 5947 93
4463 15014 131
4798 10646 41
1182 8063 59
8070 3762 41
9866 7223 67
987 3796 122
8310 7659 157
1192 7181 92
3930 6690 131
13955 5597 131
8989 5121 157
14080 9607 131
305 11050 41
6459 3231 59
10458 14450 93
15006 5259 11
2747 8134 59
7126 4251 41
7377 8311 67
14498 14835 178
749 4669 41
4754 5302 41
6819 10373 92
10493 13613 168
7348 4669 41
8235 5180 59
13306 30 59
5010 5121 157
14107 15701 131
9185 14542 92
935 6819 163
9760 7519 131
5689 4669 41
8197 9551 157
7113 8432 11
10679 14180 168
1245 12648 131
3141 7695 67
14999 6181 93
5657 8333 131
1769 243 131
4695 10136 41
10725 14122 178
4206 1320 178
3681 13613 168
15075 11887 41
6704 4185 168
5725 5780 178
5613 15403 41
885 14843 92
1888 4275 178
1361 14843 92
80 10484 93
939 10707 131
11860 10488 92
13589 12235 131
10702 8674 92
10720 10943 41
11985 12035 131
2400 11953 131
2878 4646 174
7044 6150 157
14084 10136 41
7527 5247 41
8272 4669 41
8700 3762 41
3087 8259 131
10785 5302 41
4190 11887 41
14431 8674 92
11277 13676 122
15331 13129 131
8993 6187 131
920 8092 41
4000 8108 67
6896 12493 131
4581 4945 168
6821 2022 163
2479 1310 92
4775 13665 131
6459 11887 41
4421 2224 92
3026 8925 93
680 12300 178
4989 5247 41
3409 14399 122
11418 9812 131
14722 14852 49
7548 11049 59
9734 7073 131
7160 11548 131
8299 1366 59
14530 8134 59
603 11255 41
6767 15194 131
10975 2984 59
9100 10136 41
10184 2542 178
7510 1310 92
11547 8907 163
7523 1310 92
3643 8092 41
7014 7900 178
11165 9140 131
7658 14835 92
15743 8769 92
2964 6780 150
2480 9843 92
9303 6626 157
14979 5302 41
13203 12022 174
11731 198 131
3428 10312 168
15462 14835 92
7100 13690 59
15394 13699 131
3828 6534 67
269 3953 131
6436 12325 59
13377 4275 178
9253 2224 92
11528 14835 92
471 4384 122
12548 6186 168
8139 13969 178
7195 7881 178
4327 11050 41
3269 4779 131
11464 12084 122
2062 15403 41
5757 2675 157
1226 1746 93
11506 5920 122
6686 1893 19
13382 4251 41
9377 14021 131
15076 12015 59
11645 1310 92
754 6482 59
66 13610 157
8391 8412 92
13318 11484 122
4660 5302 41
1101 3489 41
12588 8649 174
5292 13677 59
3086 6266 41
12274 301 157
4165 4194 122
6593 13315 41
10628 2224 92
9901 243 131
13376 13449 131
3183 6101 41
8035 1310 92
441 6242 168
8989 13341 157
14255 12617 168
3839 12620 122
14718 5046 59
3270 216 59
510 11351 131
108 11364 131
1294 11887 41
9241 12451 41
12380 5482 131
1684 2305 92
13069 15757 131
2328 8092 41
14276 15150 131
3506 11508 93
6805 4669 41
2143 3762 41
9514 9694 131
13733 9785 67
15763 15459 19
7242 1310 92
12587 3307 67
8778 3999 131
4353 11363 92
4029 1186 131
7102 7910 168
203 6465 131
9866 15679 67
592 15077 59
6356 5302 41
4877 4852 67
8717 14180 157
7032 3277 178
5069 8134 59
329 7163 131
7649 6044 147
4535 708 131
8717 14717 157
10660 15393 122
11709 15194 131
8752 6354 131
9541 11586 131
7231 8134 59
7507 6417 41
14931 8587 59
6355 2713 59
4368 11887 41
12707 8737 59
3621 14843 92
2243 9941 92
13164 15574 67
6910 7132 131
12101 8949 37
8672 13951 131
14819 3008 93
796 5247 41
2376 12019 157
7956 8453 131
9509 14317 41
410 13690 59
2365 860 157
9115 10136 41
6510 8194 156
5317 6528 156
12898 5224 131
4132 14755 131
3428 10083 131
10853 9354 157
9805 8838 59
372 5757 157
7985 8214 41
14281 819 131
4244 8092 41
6601 2922 67
6865 14122 92
4613 4262 156
3432 4669 41
4147 11887 41
13407 30 59
8385 175 131
6662 8767 41
9526 4669 41
1721 9040 178
3429 10046 122
6594 14122 92
12106 77 174
7362 13650 67
11609 9538 131
1958 11425 67
10706 5790 67
5309 13766 131
2023 1504 157
14474 11140 131
5010 8197 157
4879 316 59
13556 3656 131
10649 9830 131
14444 11331 131
10595 13944 131
2907 1886 174
10188 3828 67
14968 12749 67
935 8092 41
386 12589 131
15784 1136 131
12582 6500 168
14121 3376 67
4790 11008 59
12278 10403 131
10827 660 41
8412 8128 122
2563 2922 67
12930 4181 41
795 13690 59
15405 4945 168
12548 10524 131
6805 9368 59
6420 8782 131
11699 4175 92
5230 25 41
11946 8670 156
7123 1310 92
5547 8674 92
8917 860 157
4804 4251 41
10677 5531 59
1798 8717 157
12889 14878 178
12299 14843 178
10800 11887 41
8591 11050 41
11881 8737 59
3821 11387 157
11454 9411 168
8987 11008 59
6980 7087 156
2641 4776 131
11061 4273 122
14798 8688 41
7595 6610 174
5348 8134 59
5775 8022 156
6525 8647 163
12488 8092 41
11298 25 41
13815 404 11
8216 14735 122
13928 12833 156
4801 8674 92
13299 9830 131
7739 9843 92
11384 8267 168
6018 7466 131
10124 8823 131
8871 14877 59
10445 7098 92
8717 2216 157
8448 5175 41
4470 14122 92
8039 13737 178
10444 14620 131
5733 4789 131
7058 10704 156
14711 12128 59
11428 3762 41
11622 10321 157
1711 3680 131
12987 316 59
13758 12075 122
14148 14636 131
12024 4858 41
9175 8972 59
3206 9747 131
11498 11050 41
13198 7676 157
13503 5247 41
7423 9612 131
14098 2675 157
10877 4646 174
5057 3958 131
4835 6242 168
14290 2348 178
10213 14878 92
2706 7831 131
7007 13515 156
4737 8019 122
3419 14870 131
4535 1938 131
7200 8674 92
5193 11900 178
1098 10282 131
885 9824 131
11710 3627 92
6017 8092 41
9704 1310 178
13515 7007 156
10086 3097 59
512 14878 178
3233 5648 67
6563 4858 41
10026 11174 92
4231 9879 131
1160 4945 168
15740 10532 131
2075 1310 92
6802 3762 41
874 6561 59
8416 6101 41
8246 2217 92
7546 3345 178
8700 5637 59
13866 14835 92
5023 13752 131
918 5247 41
2243 14835 92
13414 7910 168
9496 15170 174
3682 5699 131
2355 4181 41
11609 14566 168
5010 8493 157
5436 8958 50
4692 3568 59
4377 4968 59
5092 8444 157
2873 10918 67
15246 6186 168
14242 4952 156
2681 4669 41
7179 8441 131
1511 13677 59
12524 3762 41
3532 2042 131
8335 11692 131
9053 2779 131
3397 11887 41
8446 13832 67
7356 3345 92
7548 4972 174
11917 11373 131
343 11050 41
622 7162 92
7663 6439 131
1557 9537 156
8599 6915 131
11692 12088 92
815 1383 122
12120 7900 178
14290 8674 92
4386 11966 157
4458 90 11
1428 1722 131
8555 8737 59
14947 4251 41
7080 14317 41
7273 13690 59
13117 5247 41
4978 8674 92
10205 316 59
572 14121 67
12355 11887 41
6186 15297 67
8251 7693 131
9493 8134 59
14364 3762 41
14675 8449 131
5224 2224 92
5689 4192 92
7297 4269 131
3719 527 131
11058 12022 174
9556 6419 67
9290 4181 41
3175 11987 93
5170 11886 92
12597 522 131
8130 10532 131
9688 14317 41
8236 10136 41
13609 10853 157
11053 7158 13
14926 6796 67
8375 8092 41
13355 5247 41
10785 10943 41
7686 8674 92
3535 8587 59
5711 8769 92
8364 11887 41
7994 4858 41
7359 5315 59
11277 3559 122
8470 6465 131
2586 12726 59
2784 13617 41
10333 4685 59
13065 14179 157
9067 9941 92
13778 4251 41
7973 4843 131
4230 11887 41
4003 90 11
7863 2305 92
12942 216 59
12392 11255 41
15463 372 157
3999 2224 92
10703 4858 41
9473 12874 168
4017 10483 59
9804 9941 178
1886 15632 59
293 13198 157
9663 8544 157
2053 13919 92
11710 2481 178
1622 5222 131
4361 1614 131
10139 2675 157
3835 4858 41
12535 3821 157
8133 5161 131
10216 8026 156
12075 9843 92
1712 1421 168
14169 14860 150
2870 8473 131
15776 346 178
15530 8134 59
540 12451 41
279 8134 59
2904 2224 92
6260 8513 37
2269 10683 131
3096 7020 131
15696 12493 93
15676 2086 131
9007 3345 92
8225 5629 67
8470 8674 92
2221 3568 59
14849 8214 41
8285 8134 59
9861 2080 131
4954 8267 168
5624 5370 131
9183 3313 131
2162 443 156
7948 15807 131
15335 3762 41
12994 860 157
7363 11008 59
12357 8769 178
11265 6923 92
9656 1461 156
7760 8298 131
7398 1745 131
8835 6661 131
10803 7496 156
3009 3451 131
7202 14843 92
5559 6804 163
5931 4669 41
5583 6035 157
6297 3345 92
12722 3341 131
15659 9635 131
10815 955 67
6013 13617 41
1045 9111 131
14711 14333 59
12478 12743 131
1603 5302 41
1192 10569 131
1329 9308 131
13558 11887 41
8966 14367 92
7359 13259 41
1354 1446 59
3749 11008 59
9541 15679 168
10847 10726 67
1172 415 131
4784 13268 92
3641 565 92
14314 12663 131
11006 8134 59
11090 1865 131
1811 6150 157
13705 14317 41
11609 1302 131
2292 13083 156
15807 319 41
9654 4251 41
9132 10136 41
14712 2113 19
8541 10136 41
7559 2878 131
2922 8054 67
6938 13758 92
10597 4945 168
6583 6765 131
6163 3433 131
13782 14846 122
14191 537 131
5025 8092 41
12436 3345 92
594 11887 41
3365 4251 41
15373 3345 92
11443 4251 41
313 5999 131
4047 1866 131
13170 12527 157
9657 4646 174
7326 1144 131
1163 4923 93
757 2569 174
2760 4537 150
13610 8093 157
11545 2628 131
13314 1407 131
4399 11464 92
5882 10136 41
12088 6324 122
12470 1073 157
3873 11114 92
9377 6533 131
7252 13067 150
5368 13758 92
8717 373 157
7739 9843 178
11451 9461 122
5852 5689 131
5063 14878 92
5696 303 131
15251 11887 41
4057 6674 41
39 5828 41
4879 3725 131
11220 12420 156
7750 10429 92
15414 2224 92
15247 12803 131
3073 15590 168
6481 6761 37
6168 7495 163
8782 4251 41
15497 346 178
13354 12476 131
8599 10524 131
9087 404 11
14153 11080 178
1 7391 67
8447 11577 163
8046 10826 59
6219 8412 178
8333 4251 41
8262 4669 41
9159 14122 178
8778 8364 131
4473 328 131
12790 10853 157
7573 10011 131
15494 5092 157
4049 1297 131
4345 6592 59
6539 2675 157
2776 11008 59
15021 4519 150
6622 2958 174
352 3762 41
11563 467 67
7002 1116 131
13974 8737 59
9165 10962 41
15703 9843 92
12474 10798 59
793 1228 157
10137 9843 92
8572 13288 131
14133 14646 41
584 13524 59
5056 6533 131
5254 12252 156
2209 4181 41
15042 6419 67
795 2754 131
1406 11887 41
14923 2711 41
6705 4251 41
15063 13832 67
9411 12470 157
9400 14122 178
11949 12560 174
3199 6242 168
15318 9255 174
15140 8026 168
8882 10520 67
9354 4114 157
2062 8688 41
1447 14295 93
8324 7178 50
13501 5895 59
4127 15801 131
8093 12527 157
7769 4910 131
10386 8737 59
13341 11475 157
15416 5247 41
15522 4747 131
9215 13690 59
3258 3556 163
15491 7114 150
9732 7954 131
14346 14556 168
2993 4181 41
7694 5388 168
13610 10568 156
12295 10078 73
7662 4162 19
4455 6571 93
8924 4273 131
2376 9029 19
8717 13343 157
12803 8092 41
2835 10348 131
5627 9843 92
447 8649 174
885 14835 178
8335 10826 59
3746 2932 131
2375 13690 59
13057 11887 41
11473 4421 131
15530 9635 131
7808 2035 156
7252 2039 150
1646 14926 67
6275 7810 131
4449 15528 131
4988 2874 131
3761 12015 59
13685 5071 41
15302 2618 156
312 11147 67
7005 9941 92
568 3780 131
3393 11352 131
4648 1174 131
13769 4185 168
10178 9843 92
11318 1755 41
2163 14103 92
9248 1504 157
7140 9627 156
13155 4669 41
2819 2224 92
13823 8260 131
14450 4669 41
4436 7859 11
11187 6247 178
4835 11333 131
5413 5302 41
2701 2305 92
402 1251 59
10371 6327 178
15485 10934 131
15668 9941 178
10302 10199 131
3627 4424 122
5994 3627 92
9966 2569 174
85 2037 131
5016 13690 59
3838 1652 168
11915 1310 92
10994 13170 157
5560 3994 92
15430 4181 41
13005 5423 11
6564 5302 41
2094 13268 92
9237 3341 131
13203 4968 59
647 9047 156
3879 1023 157
4345 8322 131
13429 8134 59
7877 5049 174
8825 30 59
1337 4032 131
11457 3155 131
817 8134 59
13155 3762 41
11188 1621 131
4298 5261 93
3879 6431 19
5967 11589 163
5463 471 92
7975 12793 178
15414 14843 92
13301 1507 131
9005 8855 131
5399 8736 157
6501 14588 11
12199 13921 131
197 2618 156
13579 370 163
4608 15366 131
6278 10397 131
14179 2393 157
7160 3645 131
2903 7840 122
6716 8339 131
12602 14517 168
11426 12338 59
1166 15450 131
6288 4181 41
10975 3231 59
6406 8212 131
5792 660 41
15342 11687 49
4 14835 92
1736 9476 131
9350 2305 92
12876 12848 59
4639 8737 59
13605 1658 156
1086 2878 131
5317 11883 157
15372 11050 41
7189 12376 92
13024 8067 131
4966 11050 41
10454 4968 59
8147 6166 131
11068 14122 178
179 2779 131
358 6039 41
5967 9626 178
8548 8134 59
1276 3879 13
3721 13198 157
8966 15346 178
8717 11288 157
3879 4386 157
3101 13524 59
3546 4753 93
3566 11887 41
226 10923 131
4610 7376 92
8774 4551 131
3732 5061 174
9024 6118 59
3867 11887 41
7527 8380 163
11380 8717 157
2376 1023 157
12876 13690 59
3863 2158 163
6662 4251 41
3746 10019 131
2355 13617 41
8404 15310 131
3749 3350 133
9486 2224 178
13024 2434 92
10847 2068 67
1712 7538 131
14169 7406 150
10575 8214 41
4862 15815 131
15083 13108 131
15258 2878 131
7483 12093 59
3191 10 178
4806 14554 156
8572 6220 131
7914 9781 67
1198 8775 131
5733 8737 59
8960 15199 131
15796 8134 59
4891 4669 41
5505 14878 92
152 5247 41
1826 14836 131
8898 8216 92
15223 11185 131
15224 14648 93
4069 3994 92
6369 14355 163
8234 5302 41
9846 15634 92
9035 4646 174
10918 15574 67
23 14337 163
6372 10923 122
4113 12279 128
1279 6871 168
10333 10406 92
12966 15029 93
14823 8093 157
5135 2883 157
83 5302 41
6768 7866 131
14603 5780 178
6040 8866 41
14407 4858 41
8359 4251 41
6297 1310 92
2495 4646 174
12324 9785 67
11692 13758 92
3580 2562 174
11933 11900 178
2033 9786 131
8036 2665 41
11561 6570 67
1939 10398 131
11625 9941 92
8578 7567 131
7039 5247 41
14270 15042 67
14170 1366 59
9852 537 131
2823 14439 131
799 12734 59
8974 9941 92
5213 11155 122
10621 13617 41
7767 8092 41
14483 3640 92
11407 9712 131
11277 6829 122
2274 15480 131
11841 7608 156
9199 6262 92
7553 9415 156
12836 1805 59
6391 10435 59
6016 3568 59
6286 7547 59
7359 5049 174
3924 5028 131
11974 8769 92
2556 3186 67
13164 6681 67
8119 404 11
10026 8674 92
792 3523 150
2519 8134 59
13693 4251 41
754 8866 41
2961 10587 67
11310 1755 41
8782 11887 41
6480 12083 131
13052 6247 178
9643 11167 93
11602 14835 92
8120 8449 131
1318 12028 131
6883 1749 131
2942 7113 131
7769 1561 168
1479 11378 19
7439 13677 59
14929 3345 92
11285 6534 168
11583 15556 131
4654 5010 157
612 9785 67
9712 8751 178
8116 14122 92
5244 14514 131
14341 6242 168
7981 2607 67
8343 10635 67
9417 9912 41
8391 8134 59
9219 7022 131
1357 4560 131
10660 12007 122
6340 11008 59
7638 7999 131
7344 12291 67
2255 11541 131
6314 13418 131
1176 8737 59
10572 3345 92
6019 15435 37
5000 3659 67
14073 13415 178
9374 4827 37
7919 8737 59
1092 346 178
15545 5247 41
14230 9059 156
3162 8866 41
125 508 92
7135 5401 92
1582 13302 178
2862 9941 92
5493 3502 67
14118 3233 67
14476 12560 174
15201 9941 92
4386 9663 157
12101 14496 37
9161 8950 156
6801 2843 147
9119 10146 156
4426 11887 41
14925 4632 156
4660 11887 41
4285 8737 59
12527 8917 157
10998 2793 150
10179 5055 59
14282 4175 92
12380 11900 178
5073 5247 41
5015 11508 131
9622 11080 178
3588 2224 92
14047 6516 131
8368 1561 168
1798 9216 19
13797 3481 131
3213 6203 168
7530 3329 156
3078 9952 41
6508 12880 174
6282 8092 41
9261 12186 131
2269 10762 131
2972 14949 131
11179 1766 178
6769 4968 59
2769 3231 59
12266 13871 131
9456 8954 131
13565 3474 131
7907 11641 131
10729 8977 156
8717 1504 157
5024 197 156
14717 372 157
12670 14817 131
11404 7376 92
1316 15194 131
165 12717 131
1099 8092 41
15603 12319 93
421 4560 131
1204 8086 178
15427 4562 131
14403 4265 41
6060 1742 156
1145 8134 59
3166 12306 59
4440 13268 92
13527 10174 122
9411 8917 157
7077 8054 67
15812 7292 131
13511 462 131
13825 5537 59
8311 9770 67
1684 1896 131
7627 10943 41
1724 14122 92
7930 13268 92
13563 4251 41
11244 7900 178
593 5247 41
13835 11976 67
9670 3762 41
5035 2224 92
7313 2711 41
7791 13737 178
13198 11380 157
2640 8092 41
8476 4251 41
14944 8134 59
12007 10660 178
3255 11887 41
15289 4669 41
2919 4669 41
14374 5676 41
3414 8312 168
2698 9843 92
13886 14730 157
12527 8068 157
4507 12905 93
7164 11887 41
4679 3118 131
6990 8134 59
9230 8134 59
10022 10962 41
14489 8214 41
15492 14122 92
9136 7962 131
4247 14385 93
10923 9941 92
218 8636 156
3199 14878 92
564 15403 41
6078 11887 41
15668 4646 174
11585 9843 92
7306 15590 168
10283 4154 156
7187 2799 92
12929 2941 131
2963 4840 67
15275 12848 59
13659 10010 131
15063 10587 67
3748 6094 59
6765 8688 41
13148 12617 168
5816 14193 67
13867 8674 92
9594 5155 150
10620 9941 92
15305 12186 122
10462 11900 178
13795 3331 92
12658 5021 131
14801 13617 41
10444 4945 168
11380 6431 19
15494 9551 157
5530 9843 92
14858 2180 67
5832 8769 92
12005 11887 41
15335 4251 41
12592 8134 59
675 14943 131
5723 13152 59
14276 9843 92
5188 12319 93
10959 5352 131
14061 2303 11
15428 11887 41
14066 8688 41
2434 2936 122
5958 7099 150
6188 14965 131
3516 13524 59
12202 4546 131
1640 12279 128
15347 9186 131
12582 6561 59
3975 12560 174
13562 9762 59
14300 12848 59
11260 8063 59
13376 13472 131
4670 11721 131
7879 8459 131
10303 90 11
5711 8769 178
4105 13690 59
10740 4251 41
14194 3092 131
9986 3097 59
15331 1421 168
8359 8092 41
11484 4669 41
3772 11887 41
3429 9712 122
7555 11114 92
14179 11596 19
15465 13316 156
3734 2761 92
4542 10568 168
13513 3821 157
11447 7376 178
10853 15625 156
3876 14347 131
3317 13077 131
3278 7268 131
13987 14122 178
14740 12219 156
7191 7639 131
6540 4388 131
15656 2276 131
3462 2679 178
10163 10568 157
11976 5790 67
6907 2651 178
7202 13799 131
12527 15230 157
10900 4669 41
12773 10354 168
5620 1911 156
13361 8674 92
9380 14835 92
8005 5247 41
4731 5963 178
2803 3905 131
9942 11914 168
7745 11887 41
6344 13268 92
11209 4972 174
9486 12030 131
15156 5247 41
10484 12015 59
9712 3429 178
905 11887 41
5065 13690 59
7027 9941 92
2300 8823 131
11966 9216 19
3821 285 157
8138 10593 157
1383 12372 178
2576 7853 122
13065 11288 157
8247 11887 41
3258 14629 59
15644 5302 41
2481 5952 122
8152 3762 41
5199 8092 41
8098 3653 131
11249 3999 131
4086 5243 11
2744 4251 41
6686 12994 157
15021 5703 150
539 10136 41
13502 4669 41
9089 1893 19
8704 4251 41
13190 11050 41
2324 15403 41
8839 2276 131
1607 764 178
3536 8866 41
1122 3762 41
2954 2607 67
47 7594 131
12887 9674 59
5559 2665 41
10182 5670 131
8931 9368 59
7566 6426 178
9016 11900 178
8054 2012 67
15736 2224 178
14656 11887 41
10660 8345 122
4686 11887 41
15405 3450 131
11930 9434 61
1593 8365 178
2075 15157 131
2504 13730 131
6531 6181 131
3421 9786 131
10182 10590 59
8717 13198 157
11403 5780 178
10918 13164 67
819 2224 92
10260 11114 92
12680 13690 59
2093 8866 41
6952 346 178
5807 3568 59
459 11008 59
10277 14517 67
14736 12649 67
11119 14755 131
1433 8989 168
9025 10962 41
7818 13168 150
13377 12976 92
3979 5247 41
6221 8134 59
499 4251 41
7727 301 168
8089 3762 41
13110 9839 93
4031 8717 157
10130 4181 41
1542 6877 131
2688 2812 131
14731 4421 131
3753 3943 178
1275 12325 59
9598 4185 168
8531 8887 59
14180 15163 157
15771 351 67
721 5046 59
7413 8767 41
66 7659 157
2781 5560 131
14722 10644 49
14556 9029 19
4293 5247 41
1513 8329 59
15349 8092 41
13622 11174 92
4322 8245 178
15760 13351 131
493 14835 92
1312 13170 157
8284 9941 92
8647 8729 11
5101 5247 41
389 565 178
2993 90 11
14007 8134 59
11796 4438 41
15425 11460 131
3978 10136 41
462 90 11
8342 2841 11
3694 1450 174
8119 5302 41
988 2569 174
11047 13541 92
5092 5388 157
1763 12219 156
5502 4275 92
3038 10798 59
10593 9411 156
2014 3345 92
6686 10853 157
15625 11475 157
8595 13795 131
11006 14835 92
530 14122 92
14061 4128 174
12614 9843 92
14270 10085 67
9577 8842 131
10412 8866 41
136 11887 41
12685 8134 59
6400 2014 131
14179 301 157
1487 10011 131
11405 9055 122
7027 8556 131
4070 13268 92
15409 7294 122
2477 4185 168
7212 8649 174
14582 8092 41
5316 10518 131
10451 15187 131
2861 30 59
13164 10918 67
8444 9216 19
13782 4053 122
2531 13617 41
15794 9592 41
9601 14405 131
9090 3781 93
4733 11887 41
2351 6100 131
7975 10962 41
10702 3345 92
7693 11887 41
4595 182 168
11949 11245 92
12378 8432 11
15388 15236 131
285 12159 157
7423 5262 131
7699 9424 59
6748 12451 41
13861 4829 131
860 13886 157
5057 7314 131
13457 11887 41
11475 4611 157
13338 1082 174
14652 5000 67
5443 10136 41
2481 5181 122
715 15170 174
4029 5368 131
8762 478 131
14066 13919 92
15343 6656 163
10049 8214 41
15804 9589 131
13208 9835 92
8108 8207 67
10265 3905 131
14180 4162 19
12420 15715 156
14167 15068 59
9652 6367 131
5773 4265 41
2961 969 67
806 8329 59
13112 8092 41
5263 15112 131
2268 4296 77
9391 11008 59
8428 8091 178
8052 8134 59
2675 8977 157
12850 13932 67
9551 15777 157
12091 8397 163
5388 5092 157
12807 13665 131
7202 14878 178
1610 15406 168
12961 7838 131
4595 5619 131
8777 7900 178
3821 9551 157
13866 1310 178
8544 2675 157
4339 13168 150
3036 11900 178
11405 14040 122
4171 10956 67
13164 3828 67
13656 4251 41
8752 2966 131
14247 6138 178
2724 5710 11
14969 11050 41
11768 13079 174
7571 5170 131
9021 14602 131
10333 15738 92
15813 8737 59
8881 3781 131
15028 1890 131
12572 6171 174
12385 9663 156
12088 10923 122
9145 14836 131
14196 3665 131
2082 8267 168
8152 7181 178
13709 6877 131
10583 3762 41
1707 11641 131
821 10136 41
14191 4945 168
14861 8205 131
1810 11114 178
10754 15370 50
6331 2224 92
12838 12464 41
10221 14119 168
793 13686 157
1175 4646 174
8615 5778 156
14061 3783 178
7396 15077 59
10629 3489 41
342 13690 59
10739 3762 41
12432 15194 131
5368 9843 178
3697 14878 92
2587 13617 41
11990 8866 41
13618 12995 131
7712 14834 131
510 9704 131
7335 11966 157
8233 4669 41
5906 2502 178
3672 3110 131
5775 2292 156
4827 8737 59
11509 8092 41
9186 9843 92
4451 11887 41
6464 11596 19
11226 15675 131
2234 10600 131
10734 2442 174
7335 15463 156
11448 14835 92
6725 8134 59
3921 5699 131
12390 1687 122
165 10532 131
165 15154 131
2656 14506 37
10568 6431 19
7340 13690 59
4648 11405 92
8701 3783 178
2570 15240 174
10318 5302 41
9763 4192 178
13686 12439 157
2794 2932 131
1582 3762 41
15629 2305 92
15643 7900 178
14619 12848 59
12929 13044 131
900 8040 41
7475 2569 174
12032 13259 41
14713 404 11
8138 14730 157
5274 3173 122
11813 5302 41
9191 4858 41
514 10136 41
1196 6389 131
3368 8384 131
14866 8930 156
10213 8247 131
4386 13341 157
1178 25 41
6912 8092 41
5077 227 67
8910 15777 156
13466 749 131
12197 12022 174
1154 8134 59
4999 8343 156
5680 753 41
8966 8134 59
704 14410 131
7569 9592 41
5143 12749 67
1520 8737 59
6634 13872 168
2619 10798 59
8875 8134 59
1527 15546 131
10948 8737 59
2862 13799 131
8670 15493 156
6366 1310 92
14839 1310 92
11855 9803 131
5946 5786 131
15479 13690 59
9643 13992 93
2922 2563 67
12009 6321 92
8606 4251 41
11147 14270 67
11621 2984 59
14539 319 41
3787 15403 41
8507 13604 92
726 9372 131
1103 316 59
5441 2675 157
5306 8792 131
1172 3347 131
2345 8181 131
5149 4646 174
8307 9843 92
5967 12329 59
11738 12258 41
14616 14457 93
15634 6752 122
1745 8216 178
11929 14507 131
11866 2224 178
10064 4251 41
15081 6842 59
2400 10064 131
4556 13677 59
4222 9843 178
1191 316 59
10005 6561 59
6175 14122 92
8312 13613 156
15463 13198 157
7695 3790 67
12527 9216 19
5866 243 131
6908 11982 163
9194 11586 131
4287 13207 41
11960 9843 92
10386 14985 131
14769 9027 131
11616 12338 59
7853 1656 41
6989 8134 59
402 9368 59
15768 8134 59
131 11484 131
8578 15815 131
14874 7736 178
8576 12046 67
12860 2348 92
1449 72 131
5197 378 41
4608 8769 92
2912 11887 41
15760 4540 131
5495 5531 59
14418 9817 131
6355 90 11
4255 12379 163
9186 11887 41
1704 8092 41
